-5.06591
-2.45476
-1.29166
-3.52431
1.65311
-3.20254
-1.48203
-1.7921
-1.20632
-0.268819
-1.73576
-6.73482
-2.50063
0.825203
1.61762
0.335184
-1.50834
-0.318931
3.42776
-0.355444
-1.54749
4.40987
0.633757
-2.83408
-0.0512036
1.2985
-3.19427
-1.69865
3.96302
1.16526
1.1584
3.38733
0.674169
1.11403
1.34914
1.58029
3.67123
0.423451
-4.97576
-1.18618
-1.00551
-4.53408
5.57633
0.29191
-1.46439
4.5237
2.13549
1.05613
2.77101
0.321376
2.36473
3.24089
2.99664
-1.4787
3.77274
-0.32989
-2.87347
3.53617
-8.16122
0.261484
-4.56725
0.6842
-1.78028
-5.06882
2.76401
0.135995
-0.235964
-3.50158
5.23742
-3.50328
-3.50199
1.13732
0.474316
-0.0928486
-0.416442
-1.55535
4.29523
-8.20763
0.122628
-0.4046
2.40974
0.30125
-1.53495
2.19771
-1.93496
-2.33927
-1.67824
-3.37769
0.0060906
1.19512
3.11649
2.50204
-1.60547
-2.21568
3.2367
6.14439
-1.92638
5.84122
6.09481
-1.49754
-1.8577
-0.0665518
-0.570741
-1.58242
1.31523
-3.8085
0.523907
0.830243
-0.371422
-1.76902
3.24848
2.05695
0.430237
1.43276
3.93363
-1.20207
-2.91217
2.63119
2.03365
0.356555
-1.84945
0.300134
-1.1629
3.36135
2.13528
-0.655469
-0.0837235
2.43143
0.259386
-0.0105451
-2.25232
-0.40371
-1.981
1.34875
-1.08304
-2.20336
2.35878
-4.15335
-0.833531
-0.704382
-4.60084
-2.86811
0.646941
4.7712
5.14706
-4.0091
-0.464281
0.590921
2.08307
-0.434008
0.00803683
3.49464
0.506755
-5.35474
-0.975219
1.43634
2.8841
-0.79436
-5.10919
0.219583
4.59865
-6.77023
1.02304
-3.04042
1.10657
-5.75074
4.57941
1.51004
2.18885
-6.08957
-0.931254
3.02152
4.34476
1.84533
-0.62094
2.42553
1.03693
0.170062
0.541381
-2.06638
-3.17585
-2.32949
-0.534631
-3.33968
-2.11019
1.08842
2.08809
-0.337107
-0.475025
6.28096
-1.26805
-0.791557
4.19035
-2.14052
-0.601247
-0.630153
0.770974
-3.68746
-0.52236
0.0472175
-5.75407
-5.04141
-4.33662
1.13152
1.18388
-0.970622
-2.16269
1.57413
0.403562
-1.53047
1.47255
2.19515
-4.11449
-4.6162
-0.748139
0.729745
-4.13332
0.638053
-1.07367
1.25059
2.16687
2.13646
1.10663
-0.726503
1.7567
0.116244
-1.7465
1.27812
3.743
-4.7156
-1.47583
-1.27278
-3.97153
5.70913
-2.80862
-0.256659
1.03797
-4.48938
-5.05692
0.34752
-1.64575
3.55364
-3.92468
1.9368
4.04941
-2.32299
4.5567
1.07749
3.61951
0.925131
1.71077
-2.07598
2.52916
0.97952
-3.39015
7.16871
-0.997521
4.41336
-3.88793
0.717032
0.545102
-3.06072
0.802242
-0.668249
-3.85772
3.98565
3.78731
-2.99292
1.39352
-5.81043
0.440742
2.12205
-0.823161
-0.242614
-1.68928
2.22668
0.318824
-3.77802
2.21706
-0.804018
-7.45404
-3.06796
-1.68342
0.762867
1.48865
1.0835
0.578857
5.26731
2.92479
-0.342503
-6.54544
-1.87376
-2.05763
1.6356
3.92559
2.60602
-4.76632
-1.67531
-1.13042
3.66504
3.39208
-7.48357
-3.11036
-3.70628
1.08803
-5.48028
-5.06704
-4.95909
-2.52182
-0.979824
0.0951036
-1.91374
0.130705
-2.42866
-1.6729
-4.96001
0.0233538
0.00893173
-0.397167
-1.00566
-4.55015
-3.72804
3.20499
2.29379
-3.51571
2.73537
-4.07388
-0.185714
0.458459
-2.12381
-2.05079
-2.3308
0.0177426
-3.62437
-6.79524
-3.86193
-1.98165
1.80158
-5.18006
-5.55538
2.31816
6.50462
0.226178
6.00986
-1.43538
0.782121
2.60659
0.0691883
2.62824
-6.11038
-3.03279
-5.16256
0.396018
0.658011
1.36194
3.16897
-3.03734
-5.63446
0.194488
-0.460492
5.48418
1.82954
-1.08562
0.797961
3.19673
-0.0447892
0.362487
-1.7954
-1.09346
1.29116
-4.32728
1.03207
-2.26092
-1.89584
-1.96547
0.598617
-5.4913
1.62687
3.01164
-0.539693
4.7373
0.861874
5.24447
2.6564
3.19734
0.480088
2.37602
0.294132
-0.756732
4.92913
-2.62268
0.00244764
6.67634
4.09609
-1.49893
2.22652
4.87298
5.15689
-4.32996
-1.87843
1.68661
0.303541
-1.5579
0.986294
-3.69843
7.33736
0.587276
0.120285
-2.63537
-1.9894
-2.65318
-0.697396
4.55581
-1.60005
1.1579
1.55995
-1.10809
-1.89436
3.22979
2.82024
-0.610886
0.68845
2.45443
-1.14093
-3.35237
-4.52784
-2.51956
-1.14555
0.930102
-3.13139
-0.610745
-6.84612
-1.97304
1.06521
-2.42897
3.30426
0.00908138
0.382426
-5.75266
-3.31081
3.32749
-1.81759
3.49567
-5.07912
0.659122
0.641625
-0.563784
2.91101
-0.607169
1.73253
-1.14737
5.21618
-3.17816
4.20182
0.118213
3.27598
-0.682557
3.50763
1.01676
-4.13111
3.36508
-5.29569
1.78307
-8.88683
2.55865
-3.31452
0.117395
3.33372
-1.52999
1.17732
0.695669
1.09591
-3.52162
-3.82546
0.0765288
2.90463
4.42198
-0.120988
1.48333
-2.33135
1.38038
-0.808098
1.07793
0.473746
-5.48379
1.10236
6.01809
-3.45667
-1.82633
2.65388
-0.592195
-4.69166
-3.75008
6.83217
4.12983
-5.6339
0.882128
0.316972
0.564632
-0.13548
-2.86615
-2.20613
4.24411
-5.47081
-0.77943
1.65035
-0.619582
-0.700438
1.78864
-2.24378
-2.46856
-4.38997
-0.581978
-4.36143
-0.367121
1.55451
-3.03983
1.65128
2.3834
-4.76979
-2.79288
-5.03375
3.2696
-4.33329
0.717765
-4.36708
-1.825
-0.62229
5.54073
5.62896
0.134462
5.59473
-4.34942
1.44165
-1.49985
-0.22726
0.576383
-1.10842
0.411999
-6.92215
6.50846
-1.72298
-2.69995
4.60516
-2.43684
-0.052204
6.49147
0.288621
-2.81946
1.19066
1.1771
-1.51449
0.743184
2.93448
-5.94354
1.27653
1.90587
-3.47191
2.39706
-4.16336
-5.1104
-1.22556
1.37624
-0.899625
-1.9897
0.827391
0.368836
-5.08091
-2.96038
-0.962093
-2.78888
2.4018
-0.594982
-2.62027
3.33208
-2.18874
0.407107
-0.3031
-1.38924
-1.81061
-6.56706
-4.67167
2.8182
1.49447
3.46194
-1.32922
2.88342
2.78426
2.19344
0.490456
-0.215774
2.19507
0.269898
-0.585862
4.14291
-1.64067
-1.31129
1.7604
1.29732
-3.97215
1.47622
-0.553457
0.737703
3.59242
1.62525
-3.37717
-6.35097
0.50818
0.210258
-0.81066
0.594233
-2.1098
-3.30491
5.2605
-1.2502
0.104113
-4.55685
-5.87027
0.55856
-1.15317
-0.83158
3.47245
-1.66292
1.81511
-5.55175
-3.85343
-2.4929
4.08134
-4.64912
0.112661
-0.782569
-0.173893
2.20488
2.58102
-1.64174
1.22671
-0.388688
0.313902
-1.46467
-0.163059
0.365501
-0.694588
1.24601
-2.11369
1.92334
6.43461
-4.37077
2.52116
-6.41768
-2.9533
-5.55626
2.89758
-5.80797
-1.99874
4.15498
0.798697
0.497751
1.00217
-4.13793
0.87811
4.01751
1.23403
-3.29481
-4.15975
1.74978
-0.429104
2.54018
-0.897662
-1.99507
-2.10661
-7.66524
-1.99273
3.29518
0.0975378
-2.20865
-0.0935974
-1.64834
-7.61779
0.377305
-1.3242
-5.0547
-0.263024
6.7738
4.24227
1.34464
1.89942
1.37791
2.48311
1.17514
6.75051
2.48501
-2.81123
2.72506
-4.49125
0.212146
1.40189
-0.769354
1.18565
0.63588
1.73419
1.84756
-4.73619
4.07257
1.85066
-2.15382
-0.646039
4.29611
0.761809
5.38619
3.41758
0.222426
0.235682
3.68552
2.79922
-1.48075
4.12792
0.179049
2.61762
-4.04143
-0.726632
1.92584
1.12277
-2.74549
2.23915
-1.98049
-2.6908
1.06802
2.15247
3.98767
3.51585
2.7243
0.263649
-4.87794
1.33568
-0.210779
1.05181
4.0514
3.44147
2.13746
-1.7346
3.14717
-3.95358
0.427343
6.23395
-5.64686
-4.27902
1.87685
1.27264
-2.2687
1.37109
2.33697
3.9015
-1.35233
1.92007
3.59414
-5.22479
4.96967
-2.96385
2.43233
-0.996256
3.14214
-6.17538
-4.76944
0.489462
0.386535
-0.433205
-5.99282
0.113016
3.06197
-1.22977
-0.357567
-2.8049
0.64225
-0.658625
3.20591
1.22238
-3.90158
-1.80422
-2.99806
-1.59391
3.11072
6.18126
0.491542
-1.95716
-1.54087
1.38453
1.59021
0.392875
0.190283
1.69415
2.8491
-6.208
-0.284917
1.58093
-1.48674
5.24066
-1.67798
1.04042
4.57223
-2.00119
0.471342
-1.39701
1.66094
-2.44353
2.52932
-0.79211
0.645846
-2.94564
1.10433
-1.95129
1.01937
1.4351
3.64947
1.13066
-0.0692561
1.58069
3.18831
-0.997779
-2.33146
0.633788
3.22832
1.69744
-5.90754
-1.35572
-0.515906
2.19216
-1.01441
-1.97085
-3.33925
-2.33084
-0.163715
2.31908
-2.97256
3.03765
0.328021
2.21295
1.02491
0.0868152
2.94835
1.15065
1.28569
1.07496
-2.48499
-0.788043
-2.47464
-4.23334
-0.575977
1.69444
0.33883
0.340901
-2.58214
-2.54938
0.580678
-0.104813
-1.7127
-0.085277
4.625
-1.57974
0.302595
-3.55412
-3.72256
-6.25202
0.444789
2.11781
3.89809
-1.00877
4.40008
-0.324289
-0.739264
-0.845465
3.63442
0.514535
-1.11878
-8.78913
5.5678
2.24373
-0.762738
6.16286
-1.70792
-4.31172
-2.53949
-1.04404
0.489404
-2.49903
4.08142
3.22955
-2.49511
5.26341
-3.21019
-2.4249
-2.07229
4.0506
-1.19586
0.319455
-6.78412
-0.3627
4.99845
1.06761
-1.10426
2.12617
-6.56273
0.993786
-2.19882
-1.46544
-1.68411
-0.020599
-0.751727
-0.184364
6.80079
-1.17586
-0.00412858
1.66753
-0.432389
1.10788
-4.18089
-1.14068
0.0372989
0.30482
-2.1053
-0.500692
5.09614
0.603247
-0.262061
-0.825969
-0.488335
-2.98549
-3.14436
0.83445
7.53327
4.44463
1.46482
-2.07159
3.57531
3.18865
-0.790076
-3.65104
5.77525
-3.71703
3.00414
-3.40333
-2.68469
-3.0422
1.16783
-3.96775
6.09446
-0.270899
0.372578
-0.951237
0.354359
-2.66988
-0.140741
0.567832
-6.24063
0.924149
-2.71401
3.32906
2.90763
-1.05739
-5.10152
3.78302
3.07128
4.07871
-3.87261
0.789649
-2.67052
0.902407
-5.51032
0.0490294
3.56543
-0.675445
0.109305
2.99844
2.6882
4.51563
1.23476
4.71346
-2.74994
-4.36583
1.17079
-1.42517
-2.42872
-3.24293
0.804051
5.79217
-0.267309
-2.73301
0.532619
-0.483017
-0.330379
1.16975
-4.54276
-1.72921
-3.34554
1.49757
0.161468
4.54232
2.81663
-4.42253
-0.330783
0.234423
5.66557
4.05231
-2.17025
4.0024
0.827504
0.657601
5.15357
2.30343
-2.25892
3.86999
-3.39455
3.534
-1.27011
2.61391
6.48969
4.31278
-1.26414
0.583038
-1.04084
0.51486
-0.0965609
1.48659
-0.126064
3.26895
-0.715789
0.151475
1.72699
0.743416
0.322608
4.73574
3.17652
-1.99087
0.601336
1.75215
0.153752
-4.08073
2.11838
-2.29058
-2.04604
-1.97955
-1.74382
2.29364
2.30396
-3.54106
1.40087
0.588453
0.848726
-0.831021
0.667571
-0.04808
-7.37011
-5.24302
0.865385
0.334316
1.58978
-3.07727
-1.87751
-0.130733
-1.37967
-6.12626
3.15324
4.07113
-2.92871
0.921219
3.69864
3.69835
5.00754
-1.92944
1.08522
-0.485752
-2.76771
0.473225
-0.545017
-2.8015
3.07846
-1.67421
-0.951292
0.865066
0.652996
3.86712
0.108189
0.878857
-5.21561
-0.0721626
1.33032
1.48964
0.704573
0.261863
1.4613
-0.746554
6.18904
3.23221
2.39158
-0.34353
-4.78196
3.97361
-0.768473
-4.21701
-1.97814
-3.2088
1.60184
1.21931
1.38091
4.83163
-1.69039
-2.56481
2.20638
-5.73861
6.02918
1.91584
3.06112
-5.50734
-2.60831
-0.17586
4.29413
-2.26029
-0.703738
0.897622
0.494516
1.3351
1.47221
-3.02058
-1.46191
0.611997
-3.29913
0.379052
-0.713698
-0.835094
-1.32673
1.24371
5.24679
0.405972
5.17975
4.09247
2.32349
1.14022
-1.21592
0.152677
1.02039
-0.994787
0.0581556
7.65964
-0.138759
2.57253
-3.21007
3.23961
-3.1585
0.936836
-1.5414
-7.95405
0.838871
-1.95416
-0.124381
-0.179445
4.40566
-6.30412
-3.56731
-0.591774
-4.82824
1.80715
2.62597
-3.13963
-0.0437857
-1.58944
-0.657927
0.92773
-2.39966
-0.533262
-0.219853
2.9664
-0.716074
3.33873
5.95959
0.233281
5.19441
-0.377945
1.33062
-4.96267
1.99831
-6.87479
2.6672
-0.884481
-2.04042
-0.207885
-3.31666
-3.3552
2.51778
1.12667
-0.624429
0.907771
-0.476006
-1.59366
0.340392
2.4557
-0.305161
-0.244779
-4.12921
2.28996
0.663324
-0.454483
1.81105
0.851477
3.7381
-8.4145
-4.19221
3.71627
-4.324
-4.39461
1.06219
3.94804
-0.0616325
3.26364
-1.7571
-4.71657
-3.68453
0.285265
-0.985261
3.14249
2.96009
-0.622247
2.46905
-0.258199
7.94148
-0.558149
-1.74171
7.56708
1.52476
3.29573
2.19886
1.85697
-1.08336
2.71657
3.41417
1.24964
-0.345481
0.155564
-0.830247
0.727059
3.19007
6.56936
2.61753
-4.37783
-3.69626
-3.32322
-0.269537
7.10324
-1.01797
4.63743
4.25896
-1.90771
0.819836
2.18082
2.10096
-0.463224
0.312642
2.51381
3.21715
1.08586
-0.664648
-0.316694
-6.82781
3.16662
-1.13912
1.75924
2.11903
-2.68792
0.394621
0.832204
5.20161
-6.02816
1.81174
-0.71476
0.529242
-2.70517
-3.4369
-1.41228
0.982093
0.696031
-4.23094
-2.5605
-3.23711
1.62724
-1.16081
-2.06419
0.0513431
2.19604
-1.76223
-1.96716
-2.0062
-0.492062
-1.92217
-0.270167
-5.35079
-6.01049
-0.0577183
-2.85891
-3.02682
2.16384
-5.08908
5.95509
0.798961
-1.15746
-0.365542
-0.0893971
-0.12442
-2.04807
-1.57318
1.28289
-0.596441
1.50675
-0.439566
-1.66406
-1.85933
-2.10747
4.51337
2.72016
2.9411
-1.18088
-1.08164
-4.88958
0.934065
2.22944
-3.91029
-4.14888
3.10119
5.43248
-1.09445
-6.15326
5.13585
-3.32765
0.900129
-3.00657
1.24553
2.04279
3.25049
9.69978
4.83752
-1.28129
0.636922
0.486144
-3.42527
-0.768069
2.97177
0.797881
0.161893
-5.19419
-5.59873
-6.20185
1.73066
-0.578441
3.93276
2.5306
4.50516
1.93234
2.62951
-2.42132
1.01893
6.8869
3.2574
1.81834
0.556713
2.36794
0.562716
1.67173
2.46356
-4.61363
-2.84578
-4.87487
-0.71678
-3.70728
-0.346117
-2.13717
0.504158
-5.18011
5.59716
-3.00504
-3.59035
1.12208
-2.75174
-1.75151
3.22816
-0.772783
-1.9245
3.44327
-1.70941
0.853671
2.0394
-1.09329
-1.42282
-3.18354
2.73105
1.56614
-6.62164
-0.539881
-0.477059
3.07594
-0.982239
2.57073
1.18136
0.942633
-3.27124
-0.549879
-1.02267
2.57626
-3.7869
2.87119
-0.394387
-3.24611
-1.08767
1.12868
-2.36836
2.16508
-0.192584
4.38068
-2.12516
-2.66534
2.56866
2.60017
-4.77032
-4.80829
4.1107
-1.40352
-6.8927
-7.48987
-2.02688
-1.69394
-0.766903
1.92295
1.07705
-4.98435
-1.01228
-1.52321
-6.71478
2.06313
-0.478092
-2.63704
2.8199
-2.68513
1.11838
6.07971
5.44129
-2.76345
3.09594
1.30326
0.19691
6.59107
1.19038
2.32296
1.34117
1.75837
-2.35687
-0.907116
3.34629
-2.75881
-1.77235
2.44224
0.780731
1.21023
-0.835022
-2.50098
-3.60388
-0.179477
0.570792
-7.02935
-6.30851
2.82469
-0.583093
3.90968
-0.531865
-1.49907
0.894509
-0.336265
-1.38334
-0.790567
-3.37737
0.142883
0.0450727
-3.12669
3.16957
7.03937
2.95169
-1.18481
-1.41222
-0.690324
6.78411
-1.71315
2.1616
5.73547
-4.15042
1.19026
2.15238
3.35364
5.07338
-1.38302
-5.48294
-1.61826
-1.03895
5.3463
1.87873
2.39691
0.653301
4.06857
-0.773145
-0.150641
-1.44726
2.05645
2.12576
-5.28516
-3.18998
-0.00668084
0.334912
-1.58629
1.52314
1.67674
1.13475
1.48929
0.938959
0.809065
-7.51498
1.95939
2.9954
-1.87485
3.72306
1.07379
-2.48341
-2.72929
-2.77112
-2.86672
-1.47904
-0.60491
-2.12586
2.06316
0.775242
4.37867
-4.05868
-0.303565
-2.72771
0.244622
3.17501
2.17763
3.206
0.435193
-1.00388
3.31528
-2.63659
4.31789
-1.10924
5.95097
2.40845
-2.57633
4.58768
-1.6215
0.79308
2.91618
1.92319
-0.971971
-0.591487
-0.32567
5.81369
0.948474
0.327376
0.690901
2.06029
0.397827
-2.41634
0.66651
2.43304
1.56329
0.0645254
-2.16469
0.444762
2.39308
3.76495
-0.471658
-2.38888
-1.93513
3.69898
-1.35468
-0.520194
-1.59524
0.918085
-0.613586
2.17287
1.69898
5.94215
1.90471
-1.09905
0.265831
-1.13875
0.0082746
0.650316
-2.04324
-3.9793
-3.41116
-2.3111
2.05706
-3.85276
-2.11719
9.19867
0.285592
4.48896
0.128012
3.19061
-3.06958
3.78993
2.00212
-0.477267
0.23032
4.20937
-2.83038
-1.09946
-0.997278
-0.110355
0.528011
-0.501137
0.238684
0.067932
-3.95825
-5.61908
-0.724253
9.86791
-2.15124
3.88974
-3.70951
4.61097
3.67697
-1.57515
1.54637
-1.00623
-0.00173995
-2.94356
-4.87014
3.20481
0.80352
-1.153
-0.233198
-1.61337
-3.92287
-3.49063
3.12516
-0.313267
-1.3442
-4.35608
-3.35142
-4.16302
-0.389806
0.757124
-3.78988
1.70642
3.84939
-1.1818
-3.18058
0.911852
0.42787
4.88191
1.9238
2.42654
-6.09501
-1.34315
6.01379
3.86609
0.989852
-0.354791
3.02883
-3.11413
-4.48886
-5.07787
-2.90172
1.90454
-3.67666
1.22497
4.3188
1.88529
3.79818
8.28371
-3.66078
1.75839
1.44588
-2.81424
-1.62293
-0.376079
0.677644
1.27626
0.96868
-1.63792
-2.80589
5.47149
-0.0296969
1.45022
2.82125
3.79103
3.24709
-3.75357
0.0053907
-2.61458
-1.56522
-1.38655
5.1536
-1.60475
5.4237
-1.92217
-4.91697
1.64597
-2.85266
2.17363
-3.00457
-1.20826
-2.06525
-4.75139
-0.735485
-4.13431
4.11553
2.28143
-5.68322
-5.03968
-3.63147
-1.65934
4.05014
6.09624
-0.396317
-3.17676
-1.8003
1.20962
-1.56211
-3.75003
-1.22035
1.42251
-3.53642
2.31691
1.06618
-2.20215
-2.35956
2.28453
-0.0264519
9.31422
-2.76055
-2.18376
-4.72515
-2.43517
2.09656
0.536525
-1.05283
-0.862942
-0.136534
4.43878
0.151
2.03947
-5.96913
-7.84074
2.12188
-5.32074
-0.973195
-0.686428
0.622178
-1.89303
1.24253
0.913468
0.873855
0.724499
-0.167741
-5.31257
-2.16307
-0.361711
5.40964
-0.713652
-0.952496
1.06513
-1.55322
0.586179
1.59071
4.08845
-2.33484
-2.6788
-2.41631
7.97498
-0.618046
-3.38346
-0.420403
-4.19536
1.54145
-0.670293
-0.4695
1.06482
-4.09544
6.37317
0.734725
0.241109
-5.94549
3.68713
0.00651934
-1.79708
0.550568
0.0999601
-0.196346
-2.3217
1.97722
0.456462
-3.27132
2.97858
-3.80886
-3.78019
-2.1389
0.32461
3.64111
5.18242
0.800831
2.20746
2.34344
-1.33009
-0.465247
-5.48328
0.925603
2.78041
3.79776
0.368355
1.61721
-6.08314
-0.356704
-3.37407
1.12002
1.94661
1.54711
-2.99423
9.92228
0.760029
-3.45986
-2.41994
-6.37343
-5.28375
-4.16582
1.62519
5.23155
2.63223
1.57664
-0.792456
-1.43162
2.72765
-1.75161
-2.29558
4.77807
-1.17744
-4.3291
0.278886
1.81411
-3.65794
2.3718
4.81438
2.07717
1.73972
-1.30872
-0.430663
4.13477
4.47959
0.612395
-3.95959
0.846766
-1.71182
-1.88137
-1.85508
2.05646
-4.15328
1.05456
4.12548
0.668861
-5.35361
-0.780324
-2.33606
0.524482
2.95852
-1.44514
-0.57318
-1.79337
1.6934
4.24427
4.43526
-2.66554
-0.119362
-0.0794869
-1.79596
1.53735
2.42227
0.0614211
1.17954
-1.92742
1.26837
0.733214
2.50942
0.0825121
4.83391
-0.0381504
3.35971
-1.5872
0.109578
0.857796
-0.439209
4.75455
0.645798
0.387317
-0.327274
7.61849
6.98807
-1.13143
0.72544
1.62006
-0.684966
0.398639
-2.51807
3.84
-1.93206
-3.6434
2.1693
-1.68189
-2.56576
-1.29197
3.79671
-0.0766066
-5.17903
4.26076
-6.44096
0.107638
1.92736
-0.09834
-1.10018
2.7898
-3.14512
-0.542777
4.63091
-3.56372
5.80732
1.11056
0.498921
5.49022
-2.09845
3.86601
3.34128
3.29633
2.467
-0.637438
-6.17523
0.305821
1.70591
-4.37626
2.13536
-1.60199
3.51242
0.49055
4.01375
-0.259667
0.0508381
0.270882
0.66547
1.39996
3.70953
-0.438049
3.34465
-0.302276
-1.86673
5.42093
0.539134
0.174365
5.38451
-1.58786
5.77298
-6.95285
-1.898
-2.27682
-5.16978
-1.38104
7.3021
2.06971
-2.38302
-4.28545
1.37189
1.90104
-0.325262
1.23229
-0.11903
-2.32106
-0.731812
-0.893516
-6.57962
-1.30817
1.12569
4.11608
0.378446
1.70184
1.63734
2.06624
-4.97013
-0.842913
-0.117844
6.11611
-0.595402
3.39228
2.45755
-2.34627
-4.41577
2.91987
-5.42383
0.806274
-2.19797
-2.42217
-6.77608
5.3127
-4.33241
-5.71101
2.06868
-2.66212
-0.151725
3.86762
2.4009
2.37086
0.826203
0.969091
-3.59376
-0.657532
0.977624
1.57461
1.61439
-4.80518
-1.25007
0.0713848
2.4736
-3.63755
1.58846
-1.0036
-1.51337
2.56549
2.09402
-0.0903938
-8.67425
9.05916
0.589484
-4.10703
7.7703
6.37353
-0.0669426
1.40701
0.918821
0.997379
-1.56422
0.412637
3.68537
2.23503
5.33615
-1.72219
-0.683291
-1.40838
4.80053
0.0575651
-2.95042
-3.6374
-1.40219
-2.64896
-3.04816
-1.74528
5.13784
-1.01477
3.08101
-1.07661
3.18167
4.66462
0.641704
3.36618
-1.4942
-2.14226
2.79973
-2.74756
2.32338
-3.76986
2.7288
0.217359
4.08746
1.05504
-2.95073
0.995158
1.45281
-5.49503
-5.05452
-1.84541
-3.07989
-1.61226
-2.47146
-2.77108
3.86494
-3.63122
-0.50473
0.794345
2.56763
2.04673
-1.52494
1.96546
-0.52014
4.67767
-2.35156
5.55673
-2.35804
-1.26392
-1.21634
2.60994
0.50528
-4.16728
-3.0276
-2.79452
-2.09206
3.80574
0.899352
-3.20848
2.02883
-4.76631
-1.10608
0.851988
1.36711
1.74501
1.9967
-2.07653
3.71463
0.219114
-0.44576
-5.82079
-3.18193
-2.53947
-2.7118
2.45093
-3.15926
-1.02956
6.48419
-4.4044
-5.12194
2.20713
-4.16183
2.6352
0.919441
-2.13873
0.250856
1.07405
3.85796
-2.07002
-6.08735
2.98098
5.43424
-0.348985
2.23655
2.73423
3.7242
2.96661
-6.04311
2.1698
2.86892
2.42136
1.00149
1.29136
1.42096
-2.20464
-0.985477
-6.38853
1.74873
1.35021
-0.0121859
-0.708807
0.554617
0.942651
1.14764
-0.526154
5.3202
-3.3416
6.82422
-3.21757
-2.61399
0.506464
2.68535
1.52282
3.50286
0.154251
1.14751
-2.12824
-0.415032
0.664323
0.0845667
1.85314
-0.0271205
-0.5349
-2.0681
0.444838
-3.25112
-3.80978
6.72338
1.89669
-1.84797
-2.83135
-1.14831
1.70488
-3.94014
2.34637
-0.694634
2.78214
1.11559
-1.13469
-3.0128
1.17024
-1.95284
0.71369
0.395754
2.44438
-0.0746479
0.713867
-5.11143
-1.10571
-3.46335
4.043
-1.24821
4.00786
-2.46638
-2.37114
-5.16992
2.07883
-0.827097
-6.22435
-2.81482
-1.88175
0.165698
-1.38214
2.42754
-1.16436
-5.91457
0.308815
-8.00904
-5.10416
2.0005
-0.735588
3.28539
-4.82721
1.10124
3.06357
-2.67037
-0.656124
0.16214
-2.42062
1.17187
-2.68329
0.507979
0.468589
0.847589
-9.00088
0.451409
-4.86086
0.497861
-3.49107
3.38146
1.11639
2.36975
-1.87642
0.906732
-0.34888
-0.432263
4.76763
-3.70282
4.23923
-0.482365
-0.801589
1.15623
3.64599
-0.951836
2.09371
-1.26811
-0.970757
0.928164
-5.05944
-0.992048
2.07914
-3.72802
3.5735
-1.17871
2.36125
3.13056
-1.21538
-2.58454
5.5894
-4.7894
2.69067
-1.65987
3.59001
2.23435
-1.78827
-3.97258
-2.68702
-2.24979
-1.32182
3.1085
-1.09486
-0.72016
-0.885989
7.60331
-3.80894
0.0491176
-1.68012
-2.31349
2.97066
-2.96822
0.0462915
-2.03899
-0.204253
-8.58955
-4.89605
1.28921
1.37678
1.51311
5.34813
-2.48233
-1.08914
4.02741
0.645479
4.54894
2.9665
-1.23412
-1.56825
-0.240449
1.77715
-1.87963
-0.600295
3.84651
-3.23646
-1.48622
0.125729
0.64004
1.62656
3.03247
-1.41109
2.44066
-0.542864
-2.45345
6.06788
-0.828552
-3.19353
1.01236
3.20153
-4.07921
0.541537
-0.687526
1.11732
-0.409008
-0.741904
-1.45332
-5.16661
-0.329447
-1.86058
0.612434
0.29537
-5.37583
-1.54564
1.75137
-1.77544
1.67494
-1.80059
-3.52841
3.93914
2.46279
-0.613655
4.19451
0.466908
5.15372
-4.79434
2.16189
4.42337
7.19139
-1.99845
-3.51605
1.05247
-1.00747
-3.08135
-0.466718
0.403945
0.0167087
2.8872
4.47969
-3.81823
-2.96971
-1.7789
0.0566004
0.267364
0.826949
-3.70965
-0.886117
0.276101
-0.596929
0.363653
0.0457026
0.857787
2.37831
5.27318
-2.69024
5.61884
0.0772635
2.21974
-0.493003
4.41716
-3.34993
-0.206855
3.51254
1.74353
0.260835
-0.774948
0.887562
-3.08911
0.649437
-5.69471
-2.15198
-0.280724
-3.19073
-4.58171
-3.11588
-0.379645
-0.926057
-1.34998
-6.30818
1.15161
-0.619998
4.33748
-0.694295
2.91255
4.40097
1.65652
-3.64403
7.76952
-0.0781694
-1.74506
2.39393
-0.751116
-1.79016
7.00561
0.488865
-3.72112
-2.91939
0.745721
1.39564
-1.23115
2.90793
-0.227356
3.10181
7.36876
-7.04812
2.59203
-2.75501
-1.8703
-2.10822
-2.21644
-0.839471
-0.989411
-1.54415
0.411518
2.63424
0.918339
-1.76773
-0.858209
1.54438
0.20827
0.542918
-5.09652
0.0848197
0.157307
3.37085
-2.0213
-3.77703
0.312148
3.14849
-0.885566
0.244466
-1.27518
5.22553
-2.8579
-2.55742
-4.93696
0.514026
0.871707
0.181042
2.12985
-0.25392
0.112048
1.71144
1.53372
4.14031
-0.839477
-2.86864
3.77356
3.16373
-0.849558
4.15442
-2.85225
-4.70045
0.18385
1.57214
-2.84394
-3.83737
3.25765
-1.59092
-1.75603
-7.65423
1.13802
0.236349
-5.25268
1.68546
-1.8197
1.46365
0.261359
-1.27034
-3.46037
1.22728
1.12604
7.28127
1.0465
-1.3464
-1.36331
-2.80775
-2.71013
-6.61721
4.18233
-0.837771
-0.0786633
-2.39918
0.0624794
-1.98113
0.848321
-4.08528
-1.10528
1.41603
-1.26433
-4.99572
4.65852
-0.889967
5.15353
-2.73969
-5.10576
2.95933
-1.49822
-1.74977
2.60231
-2.20845
4.42149
-4.0654
-1.89573
-6.00891
-6.25039
-1.58806
4.56427
-5.18034
-0.549159
-4.31891
1.76146
-2.57494
-3.55715
2.58298
-0.580135
0.149424
2.99887
4.02642
2.89224
-0.482658
-1.7142
-3.66247
3.37502
-0.222312
3.14796
-2.35564
-0.66407
2.13583
0.958847
3.69266
-1.04763
0.207056
2.01113
-0.93948
4.32718
2.00857
0.0316489
-2.48826
-0.513811
-5.75727
-4.22548
0.585949
0.201765
-0.665391
4.17684
1.28971
1.77313
0.665906
3.29398
-1.21695
4.02676
-2.61819
5.37659
2.71091
-1.36507
2.32083
-0.355859
5.82526
0.730034
2.12111
1.07676
3.76747
2.20804
-4.60465
2.30868
2.99581
-0.37235
3.57425
2.01576
1.80374
1.49759
-0.807565
-3.64477
-3.13511
-0.0875756
1.36896
-0.389894
-6.09434
-1.20856
-2.49344
4.05339
-3.96196
-4.55215
-0.765379
1.10555
-2.33575
-2.51996
-1.67317
-2.18389
-3.26281
-2.82269
-1.08437
3.64892
1.40546
-2.41687
-1.90324
-4.06012
3.94678
4.19087
-1.65256
3.81628
4.56473
-3.54094
0.173939
-6.02653
-4.16529
-0.320973
5.95121
7.6621
3.75388
-1.7876
4.16333
-1.20268
1.59901
-3.8074
-3.39388
-0.427224
0.57271
2.61442
6.9488
0.812269
-6.28015
-1.43392
-0.0197655
1.74594
4.24775
-7.17359
-3.39887
2.18089
-0.488304
0.000708765
-3.96024
0.844935
0.723449
0.851396
4.54134
-3.42101
-2.40206
-1.63821
4.6246
-0.101977
1.29312
-1.13291
1.32828
2.65987
-0.29942
0.658356
1.48601
-2.5396
-1.00733
-5.62443
0.717271
-5.20782
-7.72031
-2.25047
0.0704293
3.08275
-0.037783
-3.8741
-0.216971
-3.14198
-2.7795
-5.01
4.02897
0.15111
-0.717938
-6.03047
1.12441
-3.84537
4.68955
1.03976
0.774676
4.85555
-1.92364
-0.58867
6.3686
4.79136
-0.158088
-3.26398
-2.81731
5.79268
-3.57226
-0.0558804
7.33537
-1.41637
7.41324
4.38442
-0.46126
-2.79382
-0.270941
0.75026
-0.750985
-2.12954
1.34149
-6.16387
-1.7804
-0.394773
-0.232843
-0.887936
-1.77773
1.62136
-2.67914
-3.11868
-3.0691
0.407862
0.42113
2.82657
0.905711
-3.63418
-3.4558
0.27447
-3.91094
-0.228062
-5.88531
-2.94265
3.87837
-3.70833
0.949972
-3.71949
-0.830322
-5.81209
-2.91411
4.35061
3.01679
5.76682
-2.33255
-2.56643
-1.52677
3.5159
-3.72993
-2.6675
0.872914
-5.06668
2.13378
-3.84593
-1.44577
6.85644
-3.95365
1.22201
-2.01393
-0.121558
-1.22517
-0.567287
-1.42434
0.471156
2.06181
2.88638
-0.396447
-2.72159
3.61901
5.03787
5.71866
0.243308
3.58518
0.873339
2.69582
-2.3116
0.691467
-1.1114
-3.79822
4.09165
-1.73478
-2.47708
-1.40873
0.247072
-0.0777271
-0.294505
-0.615307
-0.71738
2.89762
3.54982
0.614834
-7.42433
-2.84449
-2.09839
1.59513
1.65911
-2.23788
-2.31261
-1.65015
-0.314671
2.01678
3.79391
-4.38023
5.76568
2.33885
-0.462391
3.75877
3.3999
-2.77733
3.45693
-0.74295
3.59398
1.61928
0.591128
-2.32989
0.281386
-1.4124
-0.384623
-2.55236
-2.61984
-3.14535
2.0199
-6.92095
-1.36701
-1.61569
3.28722
3.62083
2.23144
4.84178
4.40166
-3.27192
-3.95028
-0.17925
5.10923
-0.63164
-5.39206
1.8109
2.2653
-2.9357
-2.07902
-2.39426
4.6862
0.973504
-4.99231
-1.02755
3.81367
-3.79254
4.6725
-0.0145795
3.37767
3.6047
-6.17892
-2.69034
-3.51537
1.68861
0.344025
0.834679
-7.517
2.84774
-6.06892
-0.798653
-2.69192
-3.70519
1.51077
-3.05283
0.899498
2.79996
-2.05928
0.0933533
5.34196
-0.885431
-0.388723
0.779161
-1.77953
3.56085
-3.25016
2.67379
-5.46365
-1.32417
5.57002
4.74793
4.88684
1.42945
4.00886
-1.03721
2.77689
2.01672
-2.51085
1.96217
-2.32159
-1.80287
1.81596
2.11861
6.36623
-1.50486
-0.511985
3.89897
4.07693
-1.34679
1.30422
4.37748
-4.69229
2.1847
-1.04199
0.190734
0.097013
-2.74692
-0.776656
2.6801
0.520401
-2.66357
0.225781
1.17917
-2.11452
0.873865
0.777995
0.179107
0.348982
-3.89518
-3.50691
2.83985
3.7963
2.30626
-0.48867
2.25589
-3.33977
2.86924
2.77257
-2.57879
-1.61837
1.28841
-4.21835
-1.22737
-0.230282
0.951489
-2.23232
-4.5067
0.895226
4.05235
-1.60944
1.05845
6.84089
6.73416
2.40435
-5.59035
-3.01005
6.68514
-0.299336
4.16826
0.648798
0.790751
-2.26828
-7.41158
-3.19582
-3.71889
0.836891
3.58048
0.279274
4.00879
-4.44199
0.0761801
2.23853
2.01542
-5.41504
0.260236
1.73443
-3.18637
2.56083
1.65835
-0.166243
1.81647
-1.96943
1.54092
4.9721
-8.02723
0.846747
3.08565
2.65989
-3.16778
3.32616
3.94817
1.0731
-0.6713
3.72996
-3.72653
1.42933
5.27766
-0.19686
5.05219
3.12024
0.261667
3.96442
1.83043
-3.78955
-1.8186
-6.08647
0.495997
2.92228
0.39495
-2.95794
0.697945
-0.132467
2.14671
-1.10838
2.26232
-2.81498
1.50307
-0.503956
0.928459
0.0265496
0.731508
2.74004
-3.31446
3.19495
2.99385
1.991
4.98629
-3.60567
1.61087
1.31757
4.34922
3.6884
-0.562917
2.55471
3.45887
-3.03377
3.04188
-2.23198
-2.34849
-0.155461
0.646547
-3.53949
-0.819444
-3.93111
-3.9526
1.9742
1.00363
-0.385458
1.83486
7.87969
-3.40266
0.462701
0.668276
2.44667
-2.418
1.36926
3.49083
-3.09925
1.28537
-3.5955
6.51194
2.49419
-1.50066
-0.374136
0.593975
0.763143
-2.32254
-2.31736
-2.50249
-3.06434
1.19522
0.830977
-1.33662
-1.17266
1.28048
0.0239751
5.41373
6.99117
2.43841
-0.475194
-0.628989
0.180553
3.88618
1.0131
-1.67716
0.980279
0.265032
3.7347
-0.119481
-1.08839
1.80929
-3.49109
-3.73214
1.66817
-1.80043
0.395915
-4.56309
-5.20812
-5.52213
2.83551
-2.62788
-3.3636
0.523058
5.53537
0.680065
2.42349
-0.0193042
-3.4828
4.98262
3.66451
2.3472
-2.44833
-0.973637
-1.27362
-3.66551
-2.46236
0.89974
0.213525
-9.23631
-2.86278
1.32575
0.998125
-0.208743
0.554733
7.00425
1.08922
0.870705
3.76612
2.51102
-0.625238
2.93314
-0.748121
0.155214
-3.57673
0.993058
4.10451
1.27021
-2.52489
-0.0345925
-1.03742
-2.32857
3.13473
-0.821221
4.50343
-0.539844
-0.367815
-0.507821
-7.07702
0.892765
-4.96909
-1.0904
-2.55885
-2.32337
1.09905
1.73181
4.22609
-7.24146
4.60628
-1.42347
3.17856
3.18989
-0.572971
-2.70273
0.435644
5.82487
0.661764
-1.49536
2.99124
-2.22126
3.90273
0.00593375
1.61861
1.45216
-0.643997
-4.29351
-3.85967
-0.880762
2.90292
0.99488
0.50696
-0.81259
-1.70222
-0.804492
2.26214
-2.54101
-2.23697
-0.856426
1.06794
-2.16365
-3.69032
1.44207
0.478073
-2.30887
0.639373
-0.0385123
2.57867
-1.10942
-7.84153
-0.161596
3.68712
5.6246
-6.51481
0.181886
-7.26387
-5.47736
-1.2789
-0.946642
5.10711
3.7387
1.23316
-1.80089
1.10304
-4.01247
-6.93968
0.343455
1.46438
3.55308
2.99471
0.618249
-0.979779
-2.08546
2.80234
-3.12768
5.56322
0.796532
0.276373
-0.267776
4.41231
0.040989
-0.526644
-3.06198
2.70266
-1.53892
2.72635
1.50134
3.29628
2.05518
-0.726559
-3.18238
-4.12836
6.08261
6.57382
-0.798686
4.21715
6.76719
-6.07395
-3.32922
-4.32112
-1.58113
-1.34822
1.5249
2.21628
-2.3481
0.788613
-2.82446
-2.47418
3.00332
-1.60558
7.34044
-0.372028
5.78979
1.3587
-4.4469
0.462708
-3.03176
-7.71481
-0.506259
2.40511
-2.66116
2.04013
-1.86143
0.248364
-5.01631
-1.57962
2.5275
-2.46607
-0.682713
-2.7928
-0.995372
-3.50119
-6.15927
2.16394
-1.94919
2.52061
-0.132796
1.06312
-4.54498
-0.685552
-0.496359
4.12949
-1.10746
-2.15671
1.94435
-0.482544
3.02038
-0.136928
0.998958
-0.881156
-3.89781
3.26562
-1.48145
1.11036
8.13311
-1.89832
1.97133
-0.260967
4.60983
-4.02525
0.275598
3.71326
7.16696
-0.535952
-6.17811
2.50944
-1.12106
-3.05958
1.51133
-1.93117
-3.30539
-0.986646
4.84006
6.28104
2.8379
3.11518
1.24847
1.29429
2.31243
-3.52347
5.42128
-2.38234
2.95842
3.49738
0.0153589
0.514642
-1.68296
-3.10275
0.185748
3.41656
-0.334723
-4.48752
3.78157
-2.7172
1.43438
-0.109245
4.90191
-0.814081
1.23009
4.89949
-0.231713
-0.59095
2.03456
-2.87054
0.336821
-0.0737239
3.2073
2.73483
-1.45864
1.10368
-0.0705632
1.51477
0.194095
1.81156
4.17129
-5.89114
-5.61224
-4.91894
1.92092
-7.29009
1.80413
-1.32045
0.8461
2.94918
3.85346
1.26657
-2.55043
0.17575
0.130119
-0.063889
4.55354
0.642015
3.66419
1.21637
-1.19027
-0.576297
-0.812083
0.438608
-2.67408
1.03511
-3.93368
2.54237
1.33925
-0.197806
-1.12268
0.0133418
-6.133
1.24329
1.65598
-2.2301
0.671618
-3.28183
-0.015055
2.31219
-1.17164
-3.256
-3.21696
1.13337
0.518936
-0.0868055
-2.02865
-2.57204
0.960369
1.35662
-0.786009
3.57804
-0.980752
1.99622
-3.56853
-2.75821
3.90285
-0.568782
1.05782
-3.03452
-0.365261
-1.79534
-3.62873
-4.70532
-2.17856
5.89435
2.53301
-7.12705
0.65313
0.0231893
2.45134
0.597969
0.892458
-0.461033
6.65618
-0.775166
4.66462
1.63702
-2.64023
0.223178
-2.49906
-2.18987
-0.581248
0.818602
-4.23883
-3.98431
-1.27424
-6.14621
-1.63267
-0.508868
-3.72606
-0.98994
-3.47992
3.89406
2.85779
1.16199
-5.53036
-0.0348305
-2.13346
1.04297
-1.56465
4.96458
1.614
1.91926
1.27125
3.03814
-4.77171
-1.50945
-0.918797
-4.7062
-2.12513
2.98426
-0.166675
-3.55203
6.69197
4.34011
2.82461
2.41554
2.95767
2.65922
-0.618241
2.11703
-0.159008
-2.07492
1.35292
-5.48268
0.609956
-1.91437
1.31026
-0.669418
-5.786
2.15159
0.562541
-2.69851
-4.16442
-3.02191
-3.14858
-1.75816
2.55909
4.7457
-1.27216
-3.47655
-3.69007
-0.928007
2.7793
1.35725
3.62849
4.65064
1.06648
-4.85849
4.25071
4.81947
-1.82572
1.63276
2.25075
-1.27015
3.60364
0.655254
-0.329989
3.23593
0.498179
-7.93409
4.67248
2.27174
6.68326
-2.18836
1.27319
0.331345
-2.4639
0.48157
3.03975
4.52421
-0.82108
2.84525
-2.16231
-3.29197
-2.9411
-1.22352
2.62989
4.12815
-1.1751
-0.802695
-0.772957
-6.24337
-7.41696
2.92209
-0.873802
-4.51591
3.26072
-0.0522753
-1.39337
0.67861
2.20578
0.624085
6.6091
-2.38119
-3.517
0.267036
0.679858
4.00963
0.411404
0.191801
3.03521
-0.46718
5.75113
-1.48517
-2.15563
-1.82277
4.14364
3.17989
-1.55331
-0.938059
-3.32606
5.7035
-0.946425
2.92638
1.37796
0.4957
0.738783
3.40453
4.00036
0.711272
-0.857939
2.37594
0.939905
2.27277
0.340444
-4.56821
-1.88424
-1.52744
2.5979
2.54661
-0.147206
3.56316
-2.59128
-1.18126
1.89503
-1.79072
5.95975
4.53347
0.664083
-1.93709
-0.0321189
6.568
-0.923378
1.31955
-1.19352
-0.54632
-2.73195
1.57564
5.15251
4.27154
-1.98291
0.712422
2.38536
6.30097
3.34916
1.24512
-1.00382
-1.98744
-0.154515
-0.393128
-2.64242
0.134643
2.65098
-1.69197
-5.79387
3.76627
1.71185
-3.30762
2.17699
2.5026
5.70506
0.307817
2.43449
1.22488
-2.66534
-4.65123
-0.834824
3.84289
-0.152243
-0.973591
-1.24827
4.69272
-2.96974
-0.648303
-1.71391
-0.277605
-8.14094
5.29902
-1.84881
2.56544
-3.63312
-0.870156
3.02049
1.60199
-1.47059
3.66456
3.34446
-0.646403
-3.17553
-8.38072
0.12372
-0.580889
-3.56361
3.82285
4.03929
2.60428
4.38032
1.07893
2.3909
-0.746779
-1.52336
-1.31589
1.18729
-4.01953
1.80638
-2.79388
-2.04987
-2.44746
-3.70942
-1.49915
-3.62284
-2.95193
-4.24922
4.64373
-4.71859
-1.18953
-4.6297
5.82901
1.02444
0.821202
2.27095
1.07801
-0.381673
-0.00091928
-0.062823
1.16433
4.55424
1.10432
-2.95365
4.02209
-0.110825
4.42207
5.57225
0.262067
-2.31358
-2.222
2.83148
1.54655
-1.95892
-0.705147
4.1414
-0.883658
-1.26431
3.14742
-0.707793
4.11365
0.265597
0.07402
3.73487
2.3249
-9.64867
-0.499292
2.59556
1.56315
-3.42966
2.20324
-0.773569
6.13215
1.27723
1.78802
0.749874
2.10067
1.65435
1.43436
4.78944
0.748869
0.333379
-4.12034
-5.38365
-4.81398
-3.24592
5.65606
-0.831617
2.36019
0.206655
-2.70769
-4.08284
-1.44966
2.95504
-1.06352
-3.41938
2.80379
-1.22755
1.77448
-3.06856
-0.98154
-4.65321
-0.694298
-4.13074
-5.67416
0.0708602
1.86958
-0.595591
5.46229
-3.86487
2.51718
3.90878
-3.65336
1.76996
-3.10718
-3.90379
0.82613
5.75583
-0.646014
-1.60533
3.31665
-0.702826
0.779189
2.78326
-1.84268
2.26373
3.84013
1.77905
-0.061285
-0.742318
2.62487
-1.81235
1.65247
4.26817
0.456725
0.348193
1.01322
-2.01614
4.31478
0.557397
4.07853
6.12519
1.56577
1.07575
-2.37923
-1.41434
-2.93987
-1.30704
6.49277
2.51174
0.779538
5.02474
2.07423
0.228043
1.04339
5.13818
1.77219
-6.09522
-5.87597
-2.20808
2.07444
1.87182
-0.489655
-3.981
-2.41247
-0.56166
-2.09105
1.38943
0.831348
-0.424953
1.33903
1.84136
-2.05402
-2.37186
0.799221
2.4933
-0.699507
-0.515746
0.132448
1.97085
-1.09047
0.946373
2.57765
-5.75522
3.8118
-3.14008
1.24224
-1.57262
-3.20002
2.02934
0.160242
-1.92081
-5.61136
0.766884
0.66738
-2.13656
2.15984
-3.8332
-0.753179
4.22058
-4.41744
1.77737
-0.633571
2.79532
-0.714782
-1.81519
-6.15567
3.47497
0.21463
3.57419
2.52239
0.18357
-5.85454
0.00433021
-2.03821
-1.31784
-0.930373
2.41253
-1.00997
-4.38956
8.41274
-3.00818
-3.60478
-1.01268
4.31433
1.9277
2.49963
3.09023
0.678161
0.266777
-3.80098
4.8723
0.585448
-4.9005
3.87156
-0.691166
-1.41782
-0.788084
-0.67643
-6.00115
0.744091
4.22288
2.19889
-1.38851
0.954404
2.73275
-5.98538
1.13587
-1.54897
2.62358
0.250905
2.70978
2.6376
0.964905
6.07304
0.474854
-1.07641
1.56691
-0.0405029
-0.715514
3.4573
1.64553
2.38993
2.11519
-2.45439
1.57957
1.31535
-6.1095
4.52178
0.275638
5.00698
2.40172
-6.48433
-1.35557
1.5675
0.296084
0.914049
2.29489
-5.14006
0.472161
4.6001
-2.03519
1.77946
-1.11772
2.83432
0.923493
1.38917
0.162858
1.8033
-2.93886
-1.60878
-0.678167
-1.19739
4.25768
1.19403
-0.333578
3.89199
0.93057
1.65115
9.75071
7.20452
-1.13985
4.79694
3.11292
1.52518
2.83668
3.05781
-3.08886
2.42267
0.0730263
0.397889
-4.41457
-2.62812
-1.07617
-6.07611
7.76368
1.35571
3.98804
-3.10906
-2.85221
0.0752661
1.03733
0.818698
2.53501
-2.64459
-3.50224
0.311065
-4.31859
2.97118
-7.37572
0.13508
-3.33021
1.96509
0.276801
-1.59119
3.34067
-3.47034
4.42697
1.81008
-0.0511081
3.04374
-1.75641
-1.71916
-2.81676
-5.66168
-1.18636
-1.2712
1.9801
-1.68915
0.553537
3.61447
0.746344
2.85488
-4.67999
-5.57168
-2.06689
-7.09562
2.46849
0.247991
-6.71165
1.29838
0.910064
2.65936
-5.11844
-3.62784
0.102273
-1.45369
-0.633713
-1.60032
0.881541
-3.24355
1.32354
0.377654
1.77491
5.47896
2.20361
-1.94687
3.0885
-3.50148
-1.40223
-2.21385
0.486819
-7.85418
1.06947
-4.04972
2.34606
3.13703
0.394529
-3.72626
-1.65172
0.530555
4.91509
-2.38905
-0.671137
-0.0912813
2.27002
-2.24033
0.512794
-1.56896
-0.466406
-0.0781234
-1.70936
-0.173625
-0.237238
-1.15611
-0.441773
2.28532
0.176554
0.472778
-1.79442
3.42452
2.76135
3.40991
0.592434
2.86985
3.29957
-4.83089
-0.649673
-0.435986
-2.02497
-3.23967
-0.498684
-4.7205
2.73364
0.923563
0.646356
4.44958
-0.75449
2.30193
3.14306
-0.689098
-1.17725
1.09767
-0.95559
1.40313
8.52794
-0.114555
-2.20554
0.991474
-6.60734
1.848
6.97364
-0.792142
-0.769267
-0.0749788
-2.0668
1.04448
-0.74669
0.917786
0.222432
-3.77158
-1.74071
4.41534
-1.15815
-4.32145
2.32981
-1.44794
-0.656109
4.16132
-4.89967
1.48684
-4.8048
-0.916583
2.59344
8.2475
0.705032
-0.551449
-1.78595
3.63415
3.54557
0.449355
-3.45723
-2.67013
2.7524
-1.4676
-1.59284
-2.08013
0.700042
-0.163167
-3.18654
-1.79902
1.1148
1.41034
-1.31514
-3.91467
1.53899
2.97381
1.44335
-0.587809
0.432604
-2.79426
-0.622797
-0.315367
-0.835478
-0.562555
-0.546357
0.421739
1.06807
1.21167
-0.91207
3.56108
6.16611
0.974013
-1.64619
-0.76212
-3.0778
3.60864
-4.35245
2.25951
-0.56076
1.5519
-3.46507
0.745651
-1.13302
-1.90745
2.97778
0.801387
-1.82297
0.815051
-1.65401
-0.0772248
-3.4018
-1.55177
-1.58746
1.10305
3.66778
2.82164
2.15617
3.67207
-4.66151
0.421399
1.83466
1.26269
-0.540883
-2.21513
1.76838
2.06208
2.79961
-0.867367
-5.27171
1.20998
2.89277
-2.39692
1.14686
-3.88997
-2.20274
0.216881
2.79336
1.92011
-2.10257
-3.84026
-2.78604
0.784725
1.22081
-2.27196
1.81852
-0.133649
0.459411
5.3005
4.33904
1.24319
1.34117
-1.42383
3.99247
0.0886733
1.84765
3.85312
1.30078
0.146144
1.54517
1.34664
3.14578
-1.8235
1.16876
-1.22797
-0.327464
1.51327
-1.71141
3.11995
-1.09654
-0.783833
3.26567
-1.63241
1.29399
-2.19907
4.99899
4.66104
-4.04917
0.0247722
-0.0204335
1.6323
-0.476948
2.36935
-0.0883955
1.11864
4.09894
0.910752
0.0832126
-2.2845
1.38753
0.599168
1.03422
2.39455
2.70555
0.336316
2.17519
-0.0288296
1.23146
-0.51793
-0.595798
3.03373
-3.75386
0.720407
2.96723
-2.9262
-1.72961
-1.42344
0.663063
1.1504
-1.54064
-0.2291
-2.32083
-4.113
-3.20188
-4.83089
3.34614
-2.01656
-3.54306
-1.24006
7.53761
-0.210599
2.07424
1.83156
3.22863
-1.61417
-1.48841
-4.49507
2.30817
-3.0146
-2.99813
1.06839
0.131837
4.38352
-3.26052
-3.85405
3.11763
1.20272
-4.26282
1.6087
-1.87524
-4.86583
-2.29154
-0.726983
-3.52454
-3.67128
1.73859
-2.2832
-2.4676
-4.02234
4.15292
1.30077
-5.46778
4.90972
0.734741
-0.500563
-4.143
1.73335
-1.2987
1.19406
2.52851
2.12552
2.05852
-5.32607
2.83623
5.03171
5.77496
-0.194664
5.73046
-3.43012
-2.65298
-0.754748
2.67765
4.52466
0.472016
-0.632832
1.43356
0.742354
1.83107
1.6334
-3.33268
2.58666
-0.0760015
3.20979
-1.2474
2.92903
-0.737878
-0.721735
-0.507132
2.16965
-0.493856
1.66888
2.63338
-2.37105
3.43571
0.504886
-0.0198692
-0.712332
4.39972
-1.57202
4.5961
0.666304
-0.731774
-0.164824
3.68731
-3.23219
-8.18616
2.57827
-0.522677
-4.20711
3.03843
-3.39912
-4.69168
-3.76835
-1.09088
3.26232
1.46709
-0.789156
-2.29175
-5.34785
2.29435
-0.565721
-0.789626
2.35774
1.5954
-0.720169
-0.592365
0.758749
-6.29358
-2.55045
1.77836
-2.13816
-0.959432
-2.5102
0.722882
1.13512
4.13836
1.83976
6.05077
1.44796
6.22773
5.92644
0.722688
-2.05448
0.915721
-2.42157
-0.65847
-1.99291
-2.87848
4.66018
-0.308756
-3.06754
-6.21597
1.06542
0.0494927
2.03255
-1.10958
-0.330741
-1.06067
2.74885
-5.28327
2.31499
3.62579
3.08207
0.113929
0.672494
-0.593588
0.334666
-0.680572
-3.96424
3.6418
1.63903
-2.60327
1.87223
-2.80735
-1.31126
5.48733
-1.722
1.551
3.41246
-2.31908
0.58869
-2.66934
-3.04932
3.33316
-3.82919
1.88127
-2.77443
-2.19855
-5.79367
0.838738
-2.15725
-1.8842
3.26336
-4.9984
-4.19418
0.654161
0.0345092
1.44644
-3.18178
0.201142
0.661507
-1.74738
-2.28954
-1.40989
-5.47166
-4.08998
-2.10959
2.40425
0.858303
-4.97277
-1.03341
-5.40932
1.51423
0.341477
-3.21681
-5.55303
3.87721
0.266515
2.70485
3.0401
-0.31401
0.223113
0.0460841
3.21787
1.15681
-1.19033
-0.500381
1.2376
1.35618
2.35738
5.06006
-1.14305
2.63195
-0.974637
-5.1222
-1.97538
-1.75687
-2.78494
-3.20049
0.416395
4.54888
1.04686
0.173525
-1.34765
-2.7942
2.30024
-1.27747
-5.81153
1.69759
-2.40165
1.37954
-4.08138
-0.92859
1.84809
-0.517718
-3.56587
0.234815
3.70202
4.39476
1.93397
0.653519
-3.47134
6.17037
-7.75855
-1.85303
4.97366
3.99728
-4.03585
4.92023
7.23727
1.40457
2.25598
-3.19947
0.351638
3.66842
-4.25995
0.591828
4.99963
-2.6796
-4.16481
-0.275991
-2.50642
2.73725
-2.67597
1.37458
2.26183
4.14376
-2.08665
-0.651658
3.52117
1.33762
-2.2306
-0.0760271
-0.855687
-1.10153
-0.919976
0.69252
5.72298
5.13151
-0.134586
-1.53707
2.88654
-4.97106
-1.99201
-3.58715
3.31711
5.48012
-1.47219
0.323542
-0.0934501
-2.42201
-1.85878
-1.29448
-3.97874
-0.240044
-0.985758
-2.94044
-0.0329187
-3.06859
3.70139
-6.88097
3.47141
-2.37726
3.94776
3.03392
-0.546653
-0.408106
5.24149
5.36121
0.574182
-2.3635
-1.99371
-5.36232
-0.735751
0.349916
-1.70115
0.186324
-4.23234
-0.0912647
-5.15856
-0.9388
4.11796
0.908357
-0.605344
-1.80724
8.08793
-2.81852
-0.493792
2.97769
2.92049
-0.302215
2.37124
-6.58456
-0.799722
2.92518
2.74169
0.537277
-1.58625
0.391293
0.112723
0.477326
2.19343
-4.01657
0.18418
-2.31888
1.41045
-1.64238
-3.86303
3.48065
-2.27954
0.187213
0.426086
0.583685
-3.68516
-0.5646
-0.521443
-0.898722
-1.96446
1.64509
3.8041
2.07872
0.628633
-2.84172
2.73484
1.00091
-4.34448
-1.53922
-1.02767
-2.68775
-0.100218
1.67723
-1.20768
-1.93021
1.92927
-1.65046
-3.79412
-0.502162
-1.29828
-3.5714
5.58918
0.919404
3.51949
-3.9416
-0.0891839
-1.06036
0.542025
3.8662
5.79259
-3.78158
-0.68096
-7.40246
-3.95477
-1.64462
0.305196
2.04141
2.4371
-0.818999
-1.33382
-4.88548
-1.55854
2.20608
-0.554938
-2.45121
-3.84471
-2.29434
3.00485
4.02535
-0.417491
-7.5804
-1.27949
5.68218
1.69806
0.212081
-2.06894
-2.56689
4.32383
6.39495
-3.503
-1.26487
2.52013
-0.924083
-0.0330191
0.647805
-0.7277
-0.939425
2.7397
1.05894
6.96703
-5.55639
5.68361
-0.774135
1.04895
-2.26803
0.740028
0.268908
3.12816
-0.842534
-2.05205
0.354226
1.17738
3.60096
3.86535
-1.12528
-4.58663
-1.75595
-2.35487
7.40464
-6.40866
-1.13015
-3.48843
4.00688
-2.04356
1.68873
4.14395
4.31572
1.28729
-1.3766
3.11352
-5.67353
-1.51567
7.19924
3.86144
1.92499
0.81471
4.01302
2.94926
1.51118
-4.60972
2.87685
-2.06813
-0.0680533
5.12496
-0.0466621
3.37183
-2.02324
2.49334
-0.1367
-2.17784
-6.0465
5.8684
2.45623
-1.50724
-0.115605
-0.373525
-3.17007
0.355568
-1.59588
2.22339
-0.0913146
-2.30702
4.64086
0.790921
-2.71456
3.49206
2.5505
4.55923
0.239574
-2.61566
1.12668
2.69884
-2.78499
2.09201
7.17839
-0.602898
-2.20348
-0.673753
-2.7373
-4.64547
0.0777013
6.6258
0.344538
1.31886
-4.38529
0.64305
6.18765
1.50058
-0.176102
-5.07978
1.2897
-0.999308
-5.06879
1.2652
1.80113
1.38948
3.72052
-2.75408
4.30271
0.392681
1.03515
1.19337
2.04373
-8.03766
0.502361
-3.33141
-5.1589
-3.03042
0.248821
0.656297
-1.64774
5.14183
-0.628071
2.91922
-2.2014
3.56906
2.15477
0.490973
0.581505
-3.858
3.21185
1.79689
3.06546
0.541221
4.27276
-0.590463
2.44629
0.976979
-5.16708
-3.09847
-3.71366
-0.462549
-1.89525
-3.86952
3.60598
0.303215
0.0632511
-1.35029
3.12653
-0.136815
-3.02352
-3.50494
3.08072
-1.08423
-0.30104
5.58313
-2.85226
-1.46629
-2.10795
3.4502
8.65838
1.81181
1.55577
-1.21731
5.8813
-1.58724
9.575
-2.90147
3.29409
1.19633
3.0138
-2.37187
-1.53586
-0.934231
-3.66516
1.37844
2.75883
1.20789
0.722683
0.471739
4.34917
-1.51037
-3.31201
-3.75299
-0.851207
1.78288
-0.789
2.17124
-0.896612
2.39925
2.78145
-3.31868
-1.46457
-1.32422
-2.39332
7.40366
-0.671878
1.44431
3.65653
4.36727
0.206055
-0.30084
3.45881
1.41699
-2.19114
0.913735
-2.43849
-1.22831
3.66048
0.151369
3.78009
2.1479
2.43737
2.76669
2.5037
-4.35975
1.23174
3.07963
-1.29451
4.2316
1.25376
2.35131
4.68781
-2.14802
-2.41641
-0.0557397
0.24757
1.18407
-2.04408
0.947822
0.214075
-0.0265249
-4.47176
5.50383
0.629429
-2.81653
3.2277
-0.155627
1.43495
4.71517
4.98882
-2.19423
3.70959
-1.64559
2.62593
-5.93344
-1.6672
-2.37325
-10.1572
-2.09355
-0.939185
4.3946
2.01822
-1.68801
3.23975
2.83581
-0.181922
4.60872
1.10982
-0.189403
2.11749
-2.9494
0.832182
-1.62019
-1.15604
4.48981
2.28498
-3.77812
-1.23542
-0.095142
-2.6678
-2.85488
2.51405
-0.803945
3.67008
-0.102691
2.01446
-1.75882
0.906767
7.08423
-1.83503
0.73214
0.209669
-0.278081
-1.94857
0.0948639
-1.02166
-3.03388
-2.38695
-1.73046
1.80832
1.06407
2.6787
-1.03696
0.802428
-3.89064
-3.57853
-0.873327
1.36448
0.747283
-1.73185
4.27484
-3.59868
3.67868
-1.69951
4.9724
-0.35082
1.59528
0.0969165
1.41543
-0.808331
-0.887249
1.85191
2.90978
1.24075
0.664259
2.11984
-0.805976
3.24419
-5.32179
2.01657
-2.72676
-2.7077
-0.326999
1.12049
4.48482
-0.782292
2.07718
-3.19452
-2.8097
0.74429
-2.82882
-2.27612
-0.719906
0.918261
3.14112
-3.06042
-0.562846
-1.15937
-3.98755
0.879837
0.171433
-6.8051
-0.285286
3.53439
2.26292
-4.39234
2.18915
-0.0791226
-2.12507
-0.036574
-3.55944
-1.31909
0.705151
-1.99371
2.13732
-0.33475
3.73189
-4.64239
3.35967
1.76733
-3.72005
0.33873
6.35235
-0.93837
-1.45729
1.44942
1.16765
3.10099
-1.37002
0.919583
0.472209
-3.59298
-3.32569
0.131534
2.56891
7.37764
0.966122
3.04219
-1.26562
2.55327
4.39055
3.21406
-0.126482
0.915097
-0.35136
-1.82029
2.58952
-2.93826
-2.80912
-4.84151
-5.6983
-1.21922
-5.77994
-3.18735
-2.03288
2.0088
5.23754
3.2369
-4.43184
1.59446
-5.15181
4.67514
-3.1831
3.23492
-3.33297
2.04742
1.93215
3.14989
-2.27588
5.5746
-1.66319
-0.299423
-0.759056
0.512704
3.50534
2.10605
-1.04712
-0.915591
2.69378
-5.22372
-0.781987
1.9484
-0.324743
-1.66392
-2.96648
-0.230857
0.0923702
-4.15529
1.17703
-0.406804
-2.89658
-2.66446
0.577712
4.73487
3.6451
1.30409
1.25082
-1.46076
-0.556212
-1.18348
2.43218
2.47597
2.86707
-7.50584
2.10432
2.93697
0.871926
1.28843
-0.315571
-0.363623
-0.983825
0.759029
2.06071
0.336878
-4.73336
-2.05544
2.00982
-0.913921
-0.404807
2.34254
3.22847
-1.9502
1.5992
2.65853
5.11519
-3.69061
-1.32107
2.41942
2.08749
-2.64118
-3.73693
-0.556513
0.019104
2.11326
-3.67106
0.29247
1.85876
-4.41892
-0.982872
-2.98911
-2.18147
-1.79713
2.01067
3.33252
-3.91893
4.16451
4.01331
-2.71881
-5.27609
4.76099
1.84757
-0.453273
3.36207
-1.46563
3.1096
1.57004
-3.03589
-0.371403
-4.66899
0.64392
-2.96979
3.21022
-2.61772
6.54392
1.67255
6.59427
0.170112
1.76229
-3.11776
-1.17117
-4.40149
-2.16183
-0.778249
-1.08666
-0.622154
0.0877269
-1.76619
-3.25308
1.67371
-3.57202
-7.05726
0.580402
-0.312741
-2.00449
-2.86236
6.39984
-0.693577
-0.613106
-3.2903
5.99726
0.813969
-2.72959
-4.96107
3.17508
-0.151253
-1.49527
-2.03239
-5.81904
-0.325065
-1.36959
-1.40559
-2.10119
-2.7155
1.43772
0.511025
-2.44257
0.354319
1.30596
2.30754
3.46362
-3.11289
-2.50687
-1.13719
7.50421
-0.596395
1.98396
-1.80888
5.41218
-0.143522
1.65765
-1.59809
-3.28362
0.312898
3.55391
-0.209653
-0.91538
-4.97367
-0.671793
1.30677
0.669061
-4.58065
4.56994
-0.259008
-0.195693
1.61
4.34877
1.26644
0.885201
-0.482336
-0.356366
-0.16433
2.78282
-0.152403
0.42302
-1.75029
1.81857
-1.133
1.54066
-1.44153
-2.6091
-2.14868
3.22219
-0.856862
0.293061
3.88568
-4.59931
4.99542
-2.25993
-0.313067
0.587162
3.84799
-1.2311
-4.41676
-0.978905
-2.73234
-1.73953
-1.53237
-0.1714
-3.36866
-1.8676
-0.43883
3.66408
-1.09188
-3.52144
2.822
-1.33289
-0.62208
0.178144
-2.16132
0.160087
-3.95146
2.17683
-1.09876
-0.269946
0.247279
-0.293251
4.06893
4.86265
-1.05394
-3.34279
-2.00001
2.94913
2.91332
-1.1461
-1.45427
-0.681775
-0.61719
0.775126
3.1416
3.91307
4.42918
0.768293
-0.566891
-1.2621
-3.6769
-5.71075
0.567023
3.0617
-2.19354
0.0324581
3.56619
0.0958883
0.743682
-0.281601
2.5588
-4.56996
-2.34629
-1.16796
0.609301
0.370058
-4.58577
3.73498
-2.87276
-3.91356
-1.30425
1.0168
-1.85578
-2.8311
1.3765
0.257514
5.8968
0.0658538
1.03592
-4.56352
4.30311
0.215874
-4.46146
1.58049
-1.13371
5.64247
4.47072
4.50121
-1.09498
-1.95257
-2.81232
2.47841
-2.04866
0.05021
-3.91716
3.12809
4.26557
-0.817423
-5.37502
0.393955
-5.4979
-1.21386
-0.968123
-0.35348
-1.19648
-6.18191
-0.466421
-1.25527
0.816821
1.36306
-0.981245
0.421945
1.14363
2.8589
6.73074
2.4469
-1.56944
1.90223
-1.23566
1.68257
-1.61833
-4.95259
1.17304
-0.566294
-3.81934
0.540299
1.79319
3.07862
1.40741
-2.73414
-0.82953
1.8795
-0.162504
-2.25615
-1.65057
-0.746836
-1.76978
-3.22115
-2.18033
4.20085
-2.56525
6.09522
2.39905
-0.358707
2.11015
4.4492
-0.210666
-3.19002
-0.433726
0.0610015
0.00886298
0.463735
-0.900516
3.19291
-1.43207
-4.86416
3.61206
4.0657
0.282983
-0.786889
-2.69833
0.933694
-2.50069
1.91898
5.64848
-4.08308
-3.91205
4.74392
3.39384
-3.21596
-3.28539
-1.24449
0.399611
-4.05094
-2.15522
6.9994
-0.710016
-1.21551
-0.308671
1.98672
-4.66663
2.07309
1.81222
-4.41279
0.429081
-3.4605
-4.06853
-4.57063
1.58862
0.575294
3.8383
2.89039
-2.86517
-2.57144
0.712323
-2.75632
-2.86793
-6.01774
3.36238
-1.07042
2.12148
-5.71214
0.681874
-1.08062
-8.21702
-2.74723
1.30843
-2.55338
-1.47265
5.92708
0.46896
-0.808331
-3.03486
0.651169
-4.97116
0.627843
-0.775719
-1.06603
-2.37368
-6.79756
-2.1812
-1.61006
-1.97799
1.88536
-5.06023
2.73581
-0.910272
-1.17092
-4.46403
0.00474023
-2.94617
2.50011
1.11229
3.13125
2.63303
-1.01822
0.442408
-5.41707
0.743678
4.6373
-5.06047
-2.21035
0.312063
2.37767
-1.65276
0.212986
-2.24705
0.0440937
3.15413
-0.232641
3.63096
1.52366
-1.42424
2.86685
1.53504
3.48092
-3.94261
0.595734
-3.31026
-1.7399
0.21348
2.46583
-3.06722
4.21151
6.02305
1.01759
-3.6369
-3.27286
0.923313
-3.42343
-0.479644
1.36924
-1.53181
1.3483
-2.88892
-3.14119
8.24794e-05
-0.437569
-0.779214
-0.0986265
4.89791
-3.91556
-1.00668
10.1158
1.4776
0.955455
-2.32422
1.77309
5.66541
-1.89759
1.3366
-0.945638
-0.149648
-1.60954
-4.15983
5.50039
-0.312076
1.01226
0.352351
-1.03765
1.15649
-0.574277
2.49628
-1.86249
1.87485
-3.76411
-0.0999446
-5.51152
-4.45263
0.28634
-2.18945
-8.84198
6.74455
0.0867632
6.26646
-0.0474383
-0.741896
8.76797
-4.0927
-0.583212
2.40906
-7.20251
2.01603
-0.922564
-2.83753
-2.89884
-4.73501
-3.71923
-5.25036
1.99654
3.41395
1.92977
7.37153
0.323106
3.70516
5.4394
0.817509
-2.26624
-5.69042
-3.22338
-1.76757
-3.5737
3.07498
-0.873415
4.87637
-1.84416
-1.78307
-0.712844
0.277234
1.17876
-3.80053
-5.73078
2.48643
-2.69813
2.17952
7.6214
2.47334
-2.47212
3.60242
2.05145
0.755661
-0.264238
1.56237
0.759622
2.30888
-0.717852
-2.34176
-0.690968
4.84385
1.37108
-0.321611
-1.70078
-2.12588
-1.66266
-0.464473
-5.64042
5.80176
3.18353
5.00803
3.92295
0.245794
-2.76127
-4.94551
5.69831
-1.07516
2.63775
8.67149
-6.25439
-2.70031
-1.92591
0.0419598
-2.75606
2.22503
-2.68636
-0.248152
-4.00543
2.84591
-0.435398
-0.449367
0.980994
0.54236
1.74526
2.26978
3.8906
3.93361
2.31731
0.398238
-3.54661
2.80286
3.06176
1.38692
0.539357
-1.53166
-5.17383
-0.811587
-4.16022
-2.38965
3.67648
-3.0125
0.0355347
1.16365
-1.17159
2.20141
0.952201
3.91014
7.06405
0.849905
5.90521
-2.60146
-0.263839
-1.54723
-2.08534
-0.495299
0.969849
2.59401
2.41795
4.19482
2.35095
-2.28322
0.324013
-1.22146
-5.46036
1.06785
1.61863
5.4349
-2.26531
1.161
-3.12185
1.13285
0.513763
1.2182
-0.541812
6.17628
-4.66831
2.34094
-1.24448
4.02129
6.84445
-3.83104
-1.74638
-4.10413
-3.95627
-2.1663
2.37201
0.878657
-2.98352
-3.25733
0.872146
0.372231
0.466574
-0.256746
2.93133
-1.42719
1.16175
-0.146823
-0.450354
0.048579
-1.87193
1.76306
0.924457
1.04221
-4.95638
2.7916
5.23043
-3.76676
0.734125
-1.15896
-2.5773
-0.406556
-0.411873
6.27352
4.99846
0.841619
-0.279496
3.79291
0.189778
-4.37904
7.2881
3.93271
2.72708
-1.52239
0.318166
3.43869
2.45782
-2.1606
-1.59073
-1.27548
5.7181
2.12313
-1.36094
-5.35048
-1.18638
-2.85028
0.913181
2.40529
-2.32528
-1.33816
-3.05353
5.11934
7.53384
6.49597
-1.17378
0.855844
4.20837
1.67978
-4.91145
-0.939224
1.57103
2.9968
0.0702484
-1.63236
-0.238889
-2.07464
0.267497
-1.79629
5.55589
-3.22286
3.43635
-0.545488
-0.220462
2.84925
-0.144099
3.34998
-2.89921
-0.327952
0.256644
2.12858
2.37807
-2.04998
-3.84348
0.556683
4.56657
-0.586143
-2.23254
-1.83614
1.80968
4.96869
-3.18691
2.92577
3.617
-3.89483
5.14112
-3.93895
-2.3726
-2.08634
-2.98736
0.350691
0.635298
1.9997
1.40634
-2.22769
4.29585
1.08177
0.785973
3.25588
0.656324
0.648475
-3.0993
-1.97293
-9.26427
2.7563
-2.27345
-3.73902
3.42284
-5.72061
-0.149264
0.4454
-0.0223149
-0.562798
-4.11813
2.6613
1.86448
-2.64477
-4.26378
0.106879
-0.674031
-3.70919
-3.84821
-1.58
-1.42277
-0.483516
0.0579426
6.75337
-1.74522
8.58943
-1.00145
-1.46441
-0.432497
3.6806
-0.492031
2.86263
2.8642
2.3423
5.12419
-1.64953
-3.71017
3.18123
-3.804
-1.26809
1.40629
-0.651969
-1.6862
-2.15376
1.63842
-2.87041
-0.62338
-3.47322
-5.44776
1.33154
0.907066
2.36987
1.8378
-0.558493
-5.1159
2.44763
4.45106
5.92747
-2.96039
8.38172
-1.99578
-4.26913
4.52609
-3.2306
1.26571
1.55333
3.6653
2.1812
-0.855708
-0.45061
3.36196
0.757933
-2.14323
2.39196
-1.89454
-4.87064
-1.01713
-1.75727
-2.93617
0.962972
3.72883
2.63531
-4.95183
1.37214
0.468567
-0.634297
-2.75965
-4.88382
-0.0462527
8.00369
4.51783
1.10155
-0.293875
-0.28635
-0.54061
0.792597
3.87525
-1.70575
1.72316
1.69531
-5.3831
-6.31308
8.26481
-0.508183
3.66552
3.00278
-5.21244
6.89561
2.88504
7.72982
-1.12958
2.59271
2.81208
-4.47328
-3.11903
2.35827
-3.78612
-1.0292
-0.0500513
-4.11416
-1.70711
1.69363
-0.0836714
-1.30596
-2.16922
-1.15952
-2.79429
0.271651
0.658511
-0.0940244
-1.0342
-2.93681
1.64004
1.3794
-1.85061
-1.58181
-4.0598
-0.241247
0.781438
-4.5212
-4.02377
2.21491
1.2268
1.0702
-2.19254
-5.23162
-0.684065
-0.629378
3.24228
2.21948
3.1636
-1.18358
-1.31602
-1.49781
5.42375
-2.21373
-3.37802
3.13003
-0.602313
-1.56382
2.38115
3.16582
-2.66117
2.9431
-0.132496
2.90322
1.50447
0.484276
-1.50896
1.688
4.92067
-2.20793
2.82259
1.1006
-4.53193
2.01203
1.12371
1.44774
0.907394
-4.32703
3.88468
-0.768237
4.67661
1.67933
4.32769
-5.15656
2.65937
3.27828
-0.162349
-3.91529
3.75483
-2.43283
2.18041
2.79695
-3.03284
1.34082
2.46772
5.03066
5.21542
0.19585
-1.81564
-1.46202
-2.25533
3.15628
3.39601
-2.10993
-1.46904
-1.28189
4.58748
3.1544
-0.760572
0.0969466
1.88041
-2.68435
-2.09437
-0.359205
-0.910322
5.40278
-2.05513
-2.04605
2.82423
0.769936
0.560738
1.79729
1.43915
4.80549
-1.8513
4.96895
-1.78138
-1.47124
1.04074
4.87619
-2.17165
-0.980617
1.3774
2.77879
-2.46806
-0.917859
2.11718
-2.19958
-1.80369
3.87966
-4.11815
-0.0101015
0.886736
0.505389
-0.355348
6.73433
3.62118
-0.602229
1.27397
1.46794
-3.13219
-1.70047
1.22586
-2.12969
2.4762
-1.15027
5.94903
-4.43146
-0.858978
-0.566074
2.33064
4.84436
-1.50749
-0.607177
4.15454
2.57004
2.79475
-2.2452
3.36918
-1.47079
-0.225075
1.29501
1.96962
-0.552771
-1.62026
-4.03218
-2.44937
-0.0952914
-4.75125
-1.02436
-1.48811
-0.161176
-2.54981
0.876184
-4.70392
5.89126
-2.6823
0.128976
0.361205
-7.02164
1.70841
1.76815
-0.527426
-0.394988
-5.03279
0.577974
1.06001
2.70874
0.634076
-5.41752
-4.02949
-1.9544
2.76291
5.73881
-1.75846
2.66915
-2.30249
1.98054
-2.36395
0.888648
1.98913
2.33413
-1.68652
-3.09802
-2.47217
-2.41492
6.31348
-2.59605
3.47352
-0.615474
5.53986
-0.305601
-0.0928279
1.05786
-0.602697
-2.26033
3.15239
5.33625
-1.26582
-2.90671
4.85041
-2.45058
-3.82839
1.30013
-0.767536
0.0749955
-2.74012
1.72107
-0.150745
1.21533
-0.660305
0.171714
0.129384
4.13356
-6.96121
-1.5278
0.470666
0.541601
-8.01341
2.37679
-2.72811
1.99541
-1.44532
-1.8122
5.889
-2.75471
4.00703
-3.19598
-5.02715
3.72056
1.01952
0.148264
-1.06195
6.45147
0.13326
2.40532
1.29042
3.83282
4.38836
-3.47291
-3.6193
2.75071
-0.378805
3.28058
1.73955
2.31187
4.74366
2.17968
4.60854
-0.401972
-1.94156
-1.44555
1.19087
5.33903
5.55415
0.99528
2.51683
-4.47968
0.986983
-0.571029
-4.52868
-4.57708
-4.73922
0.662229
0.88008
-0.119686
1.69717
-1.76374
2.16108
0.8491
-3.63214
-3.37645
1.86954
1.59374
0.726777
1.272
0.847155
0.684822
2.40326
-5.52405
0.291045
2.60089
-1.28646
0.0433391
2.07722
1.18031
-7.40766
-2.49131
-0.473942
-0.536265
0.590333
-0.466963
0.335739
-1.99816
0.0234634
7.27055
1.23209
-2.61508
3.20236
4.05207
-1.12952
-2.54061
-6.45513
4.47984
-2.38533
-0.350063
-0.397859
-1.72183
3.91137
-0.423652
-4.57537
1.69861
-1.30555
0.00500494
0.388171
4.45662
2.30461
-0.626297
0.720756
0.896319
-2.25256
1.22275
4.40632
-1.02092
-5.07028
-2.10335
0.212387
1.33826
4.75001
0.80036
-0.409652
1.07898
-2.40312
-0.61787
-1.66874
-3.74251
-2.35197
1.25333
1.51384
0.867718
0.38271
0.775401
-0.678038
3.35535
-5.47589
9.01857
-3.74505
1.2492
-2.96588
2.53591
-1.24454
2.53647
0.0531798
-2.31169
-1.89795
-4.35038
-3.32663
1.67101
-4.17394
0.98864
0.814387
0.660628
0.0823531
1.34921
-0.0765401
3.26784
-1.66097
0.384268
4.51887
4.57431
2.71646
-2.53339
-3.94597
0.671727
-0.913719
-0.709229
-0.402796
-5.31918
0.736305
2.05197
-0.281892
-0.364212
2.49385
2.80297
2.57856
2.21838
0.222793
0.815672
1.59849
0.0665433
-2.07776
3.94282
4.24149
3.31587
-4.14833
2.76126
1.44421
0.528491
-3.27803
-2.31972
-2.83815
-1.81302
-2.61358
-5.1791
-2.15081
0.131541
-2.22248
5.58377
-6.78032
-0.975205
3.11825
0.725573
1.46269
0.771936
-0.892333
-2.46664
-1.13458
2.87376
1.65848
-1.10129
-3.09056
7.29053
-0.225846
-3.15811
-1.97156
1.73725
0.566585
0.228384
4.72018
1.03392
-0.596404
2.34914
4.90466
2.25112
0.751731
2.85792
1.84987
1.4485
3.34761
0.502076
0.306752
1.07922
-1.67085
-2.73882
2.40328
0.496987
-4.42937
-2.81263
-5.10203
0.51197
-2.34442
3.81867
2.65648
2.29476
-0.197691
-0.95134
4.80032
4.65707
2.40731
1.03399
1.71555
-2.03125
1.10624
-4.74705
-0.0728509
2.65197
-3.94289
6.99608
-3.21314
0.685611
1.61098
0.978567
-0.107726
-1.68389
-3.2365
-5.49753
-2.39877
-1.99598
1.8297
-5.99309
-2.03548
1.50546
-0.58807
3.01298
-0.230459
-2.50683
4.3977
1.04565
0.636659
-3.65503
-2.28148
-2.31699
-1.22931
-2.09289
1.55375
-6.99103
-0.00131966
0.72081
-1.2049
-0.671556
-2.77578
1.62671
-5.75976
-0.369066
-4.36018
2.17879
-1.0231
-3.30098
2.85114
-5.96427
2.09889
-0.113259
0.536753
-3.99364
-1.90978
1.02025
0.130505
2.47881
-1.8469
-2.04711
-1.36435
3.38221
3.20147
-0.460993
2.62944
1.94169
0.610564
-4.1929
-7.41926
-0.0324226
0.285618
1.48175
-5.40375
1.29496
1.18128
3.07476
3.0761
-4.04696
1.63691
-5.28064
1.73755
-0.558926
1.96518
0.958887
4.56873
0.883922
-0.817175
-0.847572
-2.80319
1.12606
7.23191
-0.637714
2.91266
-8.11626
0.973193
-2.88402
4.79986
-2.75232
-3.19151
-2.45851
-4.31065
0.321411
-3.93679
-2.33977
-7.92916
-0.0768435
-6.2997
2.18372
3.217
-1.42661
2.89606
2.65573
3.99604
3.16566
-3.51868
0.0813482
2.26581
0.982573
3.041
-4.39074
-2.06404
-1.87474
7.46055
-2.67472
1.92023
-1.69132
3.95219
2.62124
0.12361
4.20208
1.99535
-4.69375
3.46223
-0.648458
4.30207
2.27774
-3.57085
0.525264
0.300715
0.970476
2.71749
-1.55332
5.10894
-0.878074
-3.57985
-0.780949
3.24229
1.70346
-0.278058
-6.23673
-1.09276
-2.04448
-3.04337
-3.62497
2.36074
0.856774
1.66523
-0.239107
-1.67074
2.57217
-2.88926
-0.432587
1.72557
1.76476
-0.436234
1.3776
-1.55305
1.15687
5.56501
-0.923984
4.427
-2.03388
-3.90269
2.06505
-0.597464
-5.12731
5.06068
-4.15515
0.00985034
-0.210719
0.805096
-2.16828
-2.13749
-3.63098
1.89645
0.721658
1.4708
2.52022
3.15865
4.49744
-3.28665
3.95862
1.3039
-8.2304
-2.37076
0.069618
1.9546
1.12254
-0.0540137
3.94425
1.12949
0.500984
0.401517
0.231071
-0.741808
0.80905
3.23912
2.50696
2.41641
-0.433978
1.09925
0.927536
-3.78361
1.88773
-3.24234
3.90851
-1.44054
-3.14205
4.71294
2.35735
-0.384682
0.456935
-2.53343
-3.38201
2.15109
1.06405
-0.524298
0.173528
-2.93203
2.90691
-2.72237
-0.402106
-0.22786
-1.38052
-0.155332
-0.679196
-0.566968
-6.47107
0.448318
-0.212283
7.12846
-3.27598
0.914091
-0.681245
3.30172
-0.498526
2.96916
0.366296
-0.176547
-2.65282
2.70248
4.52865
3.28454
-4.3557
0.162561
0.984127
2.44621
1.60586
-0.672993
-0.0611622
-0.546302
-0.365234
-2.79607
-2.65155
1.11262
2.49893
2.15607
-0.248297
-0.965063
2.15084
1.06408
-0.422166
1.53455
-2.0199
0.495779
4.66703
-1.91225
1.00475
-3.37046
1.34696
-4.72098
4.29591
-0.367688
4.08942
5.33195
-0.264077
-6.08582
-1.98788
-1.13722
1.29814
6.97214
3.19938
-1.58996
2.46881
-4.04573
2.85947
-1.68609
2.50419
7.97951
-0.57509
2.90843
0.102999
-0.575646
2.05098
5.34306
2.60424
2.06864
4.03136
0.745284
-2.06563
5.73491
-8.93371
0.328678
1.95008
-6.82541
1.56067
-1.51383
-2.64252
-6.42788
-6.82028
0.345266
-1.03785
6.90094
2.74197
0.55723
-1.93853
-8.56075
-2.46371
0.437611
-0.759083
-3.07653
-2.11694
-4.98448
3.46835
-3.91206
2.16087
-1.156
-1.59199
-1.73875
-5.08606
1.32837
-0.635364
-2.73295
0.657898
-6.04358
1.22376
-3.01439
2.06756
-0.398278
-0.663192
-1.28858
1.85666
-0.105615
4.1634
1.1736
-1.7481
0.207911
-2.29528
3.2748
-1.47366
4.29476
5.60925
-0.43134
1.42828
2.89893
1.13938
3.04407
0.634873
3.98037
0.39494
2.54858
1.63152
-0.867473
0.681734
0.594671
4.13954
0.209963
-1.90828
-2.61371
3.15755
-0.340291
3.48611
-1.61423
1.30991
-0.158305
0.414265
-2.84762
3.54426
2.68932
-5.13602
0.392904
2.35348
0.0781795
-3.46944
6.22284
-0.0246285
-1.12085
2.82642
0.183045
1.11982
3.6435
-0.898096
-2.71549
2.6757
-0.224473
-1.76834
1.43677
-1.32821
-0.275557
0.916738
0.721576
-1.07869
-3.50944
-0.153283
0.588586
1.03276
2.08827
-2.89088
1.46812
1.13021
1.99709
-1.00781
-3.0503
3.5572
-5.18313
-1.80705
1.52267
4.14734
2.09099
3.5845
2.67818
0.848544
1.98576
-0.0358921
7.64339
-1.65199
-2.62776
1.24641
-3.48971
0.770036
3.1692
0.0315855
-1.46749
1.31957
1.16948
-0.547851
4.52086
0.407645
-1.98296
-5.40644
5.51703
-2.57435
-0.955154
-3.45005
0.330091
2.51249
-3.15634
-1.06036
0.897603
3.38036
7.31738
0.605686
2.2447
-0.4267
2.45845
-2.97325
-3.32407
-4.56334
-0.246521
-2.31419
6.15284
0.584886
-3.3436
2.51039
-1.0468
2.83211
0.157473
-2.20952
-1.66835
-1.71571
-2.1067
-0.576892
-1.08016
-0.971592
0.945846
0.620748
0.516383
-3.18373
-2.37494
2.2638
-3.17164
-1.16583
-0.511392
0.260347
0.672256
2.97491
1.34055
-2.93692
1.21484
-4.3568
-4.97705
5.02462
-3.44411
-2.60386
-1.61928
-0.985581
-3.34298
1.4423
1.03882
-2.01278
-4.59908
-1.21389
-3.9582
1.18909
1.58494
-2.76307
-0.638453
-1.45992
0.822614
-2.49623
2.31195
4.94188
3.28179
4.14111
-3.75362
1.96088
2.12093
-2.17449
-3.63
2.95656
2.11371
-2.67618
-4.34326
2.39457
1.71819
5.48751
4.50037
-6.38968
0.430665
-3.85389
-2.2936
5.18636
-0.416801
-0.250989
1.97449
-3.08364
-2.76577
-3.63606
0.932718
0.434214
0.328848
3.71421
-2.29055
4.10983
5.0175
-0.00171365
1.34477
-1.20965e-05
-0.296466
-0.828111
0.670701
0.449901
-0.324624
-2.67251
-0.791848
0.0216402
2.17864
-6.27644
5.24778
-0.985278
1.11755
0.410346
-5.27556
0.210995
1.13223
3.32651
-0.21053
-7.94491
-1.09961
2.17873
1.40347
-1.29196
-1.38524
1.79581
-1.79476
2.9589
-1.03012
-3.81441
-2.2848
1.83396
3.17265
5.91074
-4.10328
-0.790023
3.05238
3.69208
-1.3645
-3.36625
-4.5934
-0.904473
1.01704
1.30946
3.82319
3.94053
3.9023
3.24255
5.20187
-6.12336
7.1351
-2.30747
0.587884
0.966003
-0.660531
-0.671669
0.299849
0.57257
0.532464
0.344664
-0.302528
-5.31595
-1.77435
4.42441
2.81422
3.01456
-0.652032
-6.52986
-3.34964
-1.23427
-4.31543
3.18837
-2.73396
2.04631
-0.101901
0.576998
-6.96341
-1.37654
-0.055699
3.04383
-0.464927
0.622696
3.06184
-3.0609
2.23179
5.66006
0.521114
-1.94865
-6.32595
-1.19902
3.2387
-0.270404
-2.06148
2.30235
2.72843
-3.19356
3.65763
-0.858192
5.71989
0.456319
-0.255022
-0.044562
-1.20795
1.10931
0.76947
0.496413
5.39166
-2.49954
0.291044
4.03927
1.24762
-4.35378
0.813303
1.69158
4.17073
3.05985
-2.07282
3.92423
0.286672
-0.11993
1.64812
-0.381608
-2.57188
-1.82349
1.70756
0.665996
-0.436023
1.18369
-3.20696
0.211092
-3.76215
0.47318
-4.01707
-0.0139494
-1.11119
-4.26949
5.92696
2.58886
2.51493
-0.370821
0.581411
-5.061
5.3171
3.59354
-2.29672
7.77748
3.68118
-2.0483
-1.78935
-3.93202
-0.494884
-1.47233
5.80492
-3.84885
3.95833
-3.15414
-4.04055
-2.35364
3.09389
-2.54063
-5.86442
-4.27266
1.35499
3.03252
2.55918
2.40013
5.0807
-3.21955
0.886991
-1.55947
1.61174
1.35601
-5.95578
-1.00061
3.78971
1.04905
3.93791
-3.46233
4.24751
0.585479
-2.17025
-1.51727
-3.05309
-1.10737
-2.07255
-5.33258
0.567376
1.83514
3.18283
2.92221
-8.03573
1.33164
0.673451
-4.10244
3.5235
-2.91213
-1.04142
1.87783
-1.34279
-2.72272
-5.26033
-6.75222
2.93695
2.52878
-0.328577
1.39535
1.17784
1.39043
-1.30142
-2.10648
1.25088
-0.814587
-3.26297
-2.78375
0.656546
2.50723
-0.24722
-5.35632
-1.76426
-2.18303
1.62419
-1.24675
-0.992903
1.37336
1.39724
2.22224
0.316549
3.47573
1.06496
1.27629
4.8629
-3.60164
3.61481
-0.45143
1.10172
4.45699
0.299132
-3.4742
0.314971
-4.2907
1.6407
-3.20087
0.470675
2.60143
2.5681
-1.60755
2.86373
1.71734
-3.49393
-1.63376
0.465796
-4.23328
-1.97147
5.73405
-0.856322
-2.75069
1.15239
0.439555
2.46048
-0.92088
1.87752
0.0627297
-1.87241
-1.60994
-1.1476
-1.82542
5.71964
2.40524
6.43996
1.2495
0.107264
0.42374
4.35158
3.71765
5.81579
-1.23855
3.27335
-4.32511
-1.62563
1.80857
2.30494
-3.36511
0.123245
3.24725
-0.585136
-1.04954
-3.04394
-2.6606
0.282982
-3.66984
5.23614
2.24877
0.916571
-0.665453
4.13946
-4.29118
-0.943981
-0.475575
6.77878
8.85431
0.0509992
2.15037
4.98213
1.5244
-1.48757
-4.63825
-1.1218
3.83395
5.4193
-2.86648
0.965255
0.205035
4.20636
-1.7398
2.25919
0.575801
1.83911
3.8695
3.60365
3.08715
-1.58506
-0.683074
-1.15315
-0.757807
-5.29172
-0.120663
-1.68326
2.08206
-1.07387
-2.03597
2.2615
-1.1187
2.958
0.966993
-1.76615
-1.74806
-0.354313
-4.03745
2.08576
0.534914
-0.328865
0.0174475
-1.72744
4.20058
1.8789
-0.387755
3.57065
-2.93594
0.899047
0.297802
2.99797
2.49266
0.556489
-2.73179
-3.4303
-1.47096
0.466865
0.515367
-0.826784
3.04294
-5.43265
-4.69342
-2.48242
-2.1593
0.809692
-0.537404
-5.1433
0.928833
1.61614
-2.92362
2.52215
2.54033
-2.58881
2.4685
2.81508
3.40372
-5.66133
-1.75669
3.35941
6.57168
3.20647
0.602517
1.52433
0.263659
-0.349288
-4.27736
2.42323
-3.05189
-0.308184
-0.27006
-1.33387
-2.45936
-2.13676
2.43197
-5.13648
1.07236
2.23875
-0.849313
-1.67853
0.715644
2.63834
0.123013
0.289808
0.49953
2.79071
1.94564
-1.51631
1.90151
-1.37413
-1.37511
2.91761
-4.51431
1.14749
1.29408
4.21438
6.64441
4.20566
-0.165542
-2.84759
1.14346
-2.31069
-3.03699
-0.0588695
5.34517
1.84278
3.04836
1.42004
-3.12568
-1.07113
-5.24021
-0.818384
0.302769
-0.799589
-2.23177
-3.52431
4.10748
-3.68826
-0.853031
2.32657
4.07707
-2.69061
-2.40772
-3.38296
-5.57918
-2.04088
2.51871
-1.39624
-0.710413
0.0484278
-0.253773
0.978934
-4.22179
-2.6477
-4.41746
-1.90586
-0.682994
-3.76532
5.47452
-2.4662
-0.909388
-0.330798
-0.398598
1.33553
1.13503
0.442372
2.34541
0.596176
-1.19156
2.72149
3.54139
0.576772
-1.97868
1.7914
3.37583
3.46653
0.988222
-3.62493
0.200563
0.939
-3.46843
-1.09556
-1.09641
-8.70902
1.93409
-3.88628
1.8982
-3.05139
1.34966
-2.11552
3.65923
1.52543
-1.11643
5.82465
-0.989337
-2.43535
1.23204
5.58547
3.90842
2.48429
-1.87735
-1.38204
5.04258
-3.34903
-3.65407
0.514225
-2.50704
0.492059
-3.79101
1.66392
1.86829
1.20027
-0.248063
-4.12377
-2.33037
-1.1229
3.27542
0.897226
-2.51956
0.608466
-1.38532
2.70548
-0.132917
7.17531
4.6951
-0.0220145
1.50439
2.99124
1.4806
-2.87657
-0.0897972
-2.3048
-2.08434
-3.91571
0.436365
1.69647
1.4659
-3.0667
-1.12688
-7.70808
-0.787598
-1.02499
-1.58848
-7.69888
-7.50949
-1.69948
1.10452
-1.81126
-2.90063
1.83255
3.49719
-2.1404
-0.641561
-0.956299
2.48083
3.63279
0.697978
-1.87039
4.19215
3.02566
-2.66739
-0.252787
-1.21249
-1.16236
2.13237
2.15975
2.30276
5.64296
0.728859
0.210163
-2.97766
4.3574
-2.00003
1.06751
0.488356
-0.101739
5.46525
2.5247
0.964904
-1.49504
1.42616
3.99471
-4.85242
-1.64542
3.41532
-0.18404
-3.59729
3.67915
-2.98804
-1.1375
3.18324
-0.4764
-2.15604
0.332425
3.8633
2.64938
1.28492
5.31873
2.05762
-3.28011
0.478043
2.66922
2.47175
6.72006
-2.50411
1.75521
2.06243
-0.0673354
-1.01673
-2.10144
2.52941
7.17402
-2.86697
3.48472
-2.80509
-1.45711
0.00902664
-0.25656
-0.676331
5.55369
6.44202
1.37061
5.84587
-0.210747
1.48783
-4.71626
3.12841
0.278121
0.639595
3.56082
-1.30298
-0.341362
-3.68554
-0.0113206
-3.04655
-0.200298
-0.770752
0.185959
-1.3268
2.8978
-1.11161
-3.04425
-6.78408
-1.77541
-5.22133
3.91801
0.276253
1.44869
-1.46951
-0.556234
-2.80622
-1.58386
1.45213
-2.13402
-2.10788
2.66217
-2.55943
-0.932195
-0.708165
3.0636
0.019336
-1.80405
-2.8403
3.79709
-1.72889
-2.36934
5.21224
2.5387
-10.7235
1.46333
1.18938
1.39775
1.25791
-0.658584
0.606424
3.18602
3.62786
0.7622
-0.250203
2.02921
0.839983
0.578251
-7.10278
-0.00625978
3.13364
-2.02224
-2.36183
-4.94496
-2.10593
1.11426
-1.78559
-1.38566
2.07375
4.19229
-2.06018
0.922695
0.924057
2.16913
-3.56366
2.37621
-4.52939
6.14438
5.03414
-6.9969
1.16754
0.15573
-0.40848
-2.70595
-0.0569167
2.40487
-1.79004
-5.70843
-1.07053
-1.7002
-4.47031
-4.40486
-3.05951
3.67643
-0.346577
-5.18903
2.94538
-5.38279
-0.329581
-2.59389
3.47092
-0.3234
0.0791028
-0.221334
0.494339
5.2278
2.32665
3.24011
3.01399
4.06437
5.41206
0.100789
-5.58779
0.334714
-5.63895
2.53295
-1.03497
1.41499
-0.631021
0.907522
1.21537
-0.940558
-1.39833
-0.0819171
-1.23088
-0.365174
3.11606
3.58997
6.03048
-3.76695
-0.849878
-3.02311
-0.990635
3.53906
0.18078
-0.203626
-1.95276
4.67368
2.87634
1.09434
-0.0029239
-3.56053
2.09568
-2.47119
2.91329
-3.73055
-2.05761
1.40854
-0.227624
0.206996
-0.855408
-2.28125
3.96057
-0.0674991
-2.35342
0.901756
1.41213
-2.34831
6.2313
-1.32093
-0.313345
-1.74945
-2.51073
-3.37376
-4.6781
0.961033
-3.62658
2.55017
-1.99724
-0.578572
-2.66314
1.68436
4.05335
1.16075
-4.60551
-0.524767
-0.584939
-4.6124
-1.23562
-0.272976
-5.79933
-2.92929
0.660984
-1.19853
2.16465
4.29374
-1.52213
0.019735
-0.452179
-6.60567
-3.26877
0.31216
1.70933
2.45488
-2.19235
-1.85952
4.91093
-4.71014
0.767158
-2.80798
-5.23754
4.33166
0.479708
-2.30958
-4.73559
-0.164271
3.27797
-0.205026
-1.88436
-3.06861
1.61601
-1.10556
3.49666
0.448331
-0.972585
-1.95598
3.07823
-0.722566
-3.3914
5.12166
5.25191
1.92235
1.41927
1.59653
-0.948105
-3.14798
4.08804
3.97738
-6.68452
-3.24637
3.00066
-5.89882
-0.832022
2.64367
0.252481
2.61123
2.9658
-2.38195
-1.80905
5.42998
-2.27641
-1.3416
2.57145
-1.13547
8.31625
4.60947
1.1094
2.71099
-2.36066
2.02621
0.0484278
-0.937307
-0.396479
0.651121
-3.08467
-0.857419
-0.893398
5.52327
-3.89898
-1.29518
-0.024706
-3.17313
0.359104
1.69016
2.57466
0.0652332
-2.72327
1.43019
-0.3629
4.00829
-3.32143
-1.23975
-2.76852
-2.28419
1.16501
8.81593
-0.155736
-6.52067
-2.77209
-3.63949
2.53154
-2.76604
-3.79467
-1.32947
4.0776
-3.01503
-3.22149
0.484369
-1.97342
1.57765
2.16077
-5.20676
0.265008
-1.36623
4.67235
-1.71173
1.50964
7.55708
0.194473
-3.53115
-4.40865
3.52848
5.82431
-1.68476
-0.500719
-3.33557
5.52552
1.54007
0.450421
1.10425
-0.423248
1.16629
0.518745
1.58123
1.06251
-1.23999
-4.22496
3.19281
6.61733
4.56756
2.17637
0.134416
-0.00881163
3.28487
0.569849
-0.567706
0.218373
0.831144
0.957329
0.510082
3.8105
-0.539333
1.85124
-0.716537
-0.780631
0.0301201
4.10834
-0.930651
-3.80182
-1.99563
1.11126
1.96846
-1.6389
-2.95063
-0.59047
-3.29745
-1.10345
3.9694
3.24681
3.68307
1.29092
-1.66707
1.21847
-2.48073
3.06628
-1.96821
3.4791
-2.4692
1.37221
-1.37665
5.88766
0.702494
-0.925468
2.98485
0.775527
1.13944
-0.159322
-3.15166
-0.115689
2.62159
4.00297
-0.970589
-4.53337
-2.12626
0.0546524
-4.31541
-2.18364
1.5515
-3.31212
1.98131
-5.48969
4.13628
1.93007
2.94146
-2.48145
1.1422
-2.9665
-6.19426
-6.15042
3.96074
2.48733
-0.791399
-4.85078
1.31614
6.40256
0.37422
0.404939
-1.02595
-5.05185
-0.746744
-1.556
1.09832
-3.38799
-2.33529
0.905092
-4.71377
-2.32346
-1.24421
-5.43383
-1.52388
-2.24392
-1.79928
1.07618
0.46004
-3.87718
4.31153
-1.34331
1.20965
3.52105
-1.97444
-0.0808189
1.14121
3.17321
-0.0770954
1.35732
-0.352602
-2.52877
-8.11288
0.108514
-1.52831
-4.79705
0.177804
4.75178
2.90383
-2.2519
-2.69633
-2.34432
6.73489
-0.0819886
-1.04383
-1.19928
-2.27656
-0.0152147
4.98186
-0.859253
-3.14539
3.162
1.72333
4.66369
3.40656
-1.07857
-2.49998
-6.03288
-0.773547
-1.1858
0.228838
4.22778
0.840693
-3.65785
1.78687
1.9619
6.7416
-2.61267
-2.17275
-1.39026
2.71082
1.97903
-0.0450728
-1.03726
0.28709
5.44451
-0.90133
5.16259
-0.52354
5.5846
2.10926
1.23689
-4.31481
-1.44829
0.798383
-1.78026
6.0629
4.44967
1.39656
-2.98647
-2.50956
5.51333
0.0566793
4.84471
-1.16019
-4.27483
-1.05992
5.89931
3.88079
3.22452
2.48075
0.433292
5.53236
-1.30258
-2.42417
-0.795679
-1.94422
-2.77617
4.33645
-1.86831
2.78331
-4.39793
4.10294
1.55023
-1.09573
-3.99848
-1.48402
4.40186
-3.68132
-3.54209
0.258271
0.591091
1.336
-4.17711
0.527747
-4.02875
0.00725657
3.42776
4.22208
-7.18006
-0.787266
3.40339
1.20154
-2.50977
1.74909
-2.34969
-2.42565
2.96046
-0.883136
5.25548
-8.56232
-1.50301
-3.67971
-1.26248
0.693884
-4.23245
6.95785
-0.42198
-0.638865
2.87473
-1.99585
-0.348905
0.800204
1.93246
1.27853
0.618838
-8.00436
2.92177
1.49448
0.595621
5.66354
-2.55452
-1.7168
-2.88414
-3.40149
-2.28185
-3.7385
7.5579
1.76034
4.6361
-6.28693
2.30132
-1.27037
0.888791
4.83703
2.41969
-7.51459
-4.0118
-0.0380135
-5.92064
0.682567
-0.502769
-4.7162
3.11424
6.18623
-5.08724
4.28375
2.21112
3.41056
-2.2019
-1.34342
-0.474139
-0.387864
1.80099
-3.20473
-8.03543
0.147699
-0.0392025
-1.00986
-3.61463
3.7462
-0.0920366
-1.90923
-2.18129
3.36223
2.06957
2.51515
-2.58794
1.76659
1.33979
-2.11164
-3.81364
-3.89964
2.07391
0.201183
-1.81344
-3.81549
2.25195
-1.95614
7.60862
-2.63787
-5.5587
-2.24461
-3.56235
3.09056
-2.85962
1.79876
-5.4091
0.82766
-0.0392378
0.590925
-1.17518
2.42857
-7.9735
-1.56877
0.968101
3.79508
2.20782
1.0254
7.05613
-0.222287
3.34058
2.83831
-0.531739
-1.66651
4.10145
-1.50587
-4.80239
0.13823
7.65368
3.73629
1.40441
2.91474
3.26226
-1.48611
-5.32644
4.97838
0.858203
1.65772
-9.43791
-4.85914
-4.0948
1.38216
-3.29357
2.10215
1.5223
-0.52359
2.7211
1.45068
-6.4445
1.97749
-0.77953
0.174834
-0.650598
0.389264
-0.482711
-0.99546
-0.461913
-3.86591
0.938135
-0.869152
-1.60628
2.66341
-1.01404
3.55043
0.403577
8.15545
4.23576
1.14292
0.190334
2.89715
-2.67199
3.01801
0.617116
-0.594858
4.52999
1.04054
0.298564
-1.55917
6.5286
-0.96543
-0.928603
2.9784
4.94087
4.8126
0.120502
-4.6524
-3.45054
-2.78784
6.05778
-0.357306
5.45922
2.56532
-2.6002
-0.684902
1.13838
-0.819324
-1.73843
-5.53435
0.738858
-4.64821
3.31852
-1.02734
4.29978
2.47343
-1.63808
-0.470582
-0.968668
0.126099
5.24342
4.72737
3.88056
3.55024
0.790514
0.62746
-1.2079
-4.61622
0.958833
2.74407
-2.82015
0.410869
2.74945
-1.96662
1.77835
-0.834324
2.17895
-3.62479
-1.09097
3.30208
-1.12278
3.02193
-1.58305
-1.3707
-0.322149
-0.597805
0.19414
3.41052
2.91484
5.06174
-2.06938
-2.50675
-2.3197
-3.32871
-1.98088
3.55692
-6.45947
-2.01855
-0.679461
-2.61129
0.929372
2.8294
-4.38112
0.445248
-6.98566
3.65784
3.86273
-0.225622
0.814852
-4.42119
3.06562
0.109402
-2.50052
-3.74471
2.82479
1.91334
-0.25305
-1.63932
0.800209
2.6165
1.78233
-0.582869
0.151965
4.79037
-3.46546
-6.48787
-3.7664
0.806212
8.66695
5.49948
-0.0676754
-0.194954
1.0545
-3.25876
8.69418
-1.66715
7.22456
0.153885
-1.70753
0.557988
-0.491181
-0.73309
-4.59502
2.61772
3.33498
0.368602
3.68647
0.472502
-0.778867
0.199325
-3.22247
0.74787
0.150175
0.805524
1.41372
0.984035
-0.965476
-1.42177
-0.274609
0.275269
1.35173
0.506899
1.43012
-5.8778
1.48255
-1.37497
1.57562
-1.61403
-0.134474
0.235427
-6.06493
-1.06411
7.64051
1.24223
0.803352
0.959855
0.161435
-0.804763
1.5938
2.19055
-4.51115
-2.3083
-2.77066
2.02357
-0.217936
-2.95324
-3.08194
0.0404829
0.399834
3.11789
2.25878
-2.94196
2.57603
4.16527
-0.760343
-0.68628
-6.58049
1.85566
-4.8079
-4.5924
-8.54285
-0.404174
-1.36408
-1.96924
2.76674
-1.9852
-0.34745
1.19328
-2.70784
-0.501039
-1.2555
-2.16348
-2.35771
3.41262
2.24785
-1.37535
-1.34352
1.05469
2.7806
-8.02007
-0.109194
-3.61116
2.89083
-4.34467
3.78941
0.350936
-1.86295
5.15006
1.60614
-0.221466
2.14981
2.16715
3.39252
-1.64465
1.50055
-0.587607
2.34052
3.15746
1.50663
1.98777
5.49685
-2.82422
4.21287
0.339692
1.64082
1.10343
0.406593
1.61722
1.43898
1.59277
2.55052
4.5631
1.52692
-7.43034
-1.41232
-1.78712
-1.61722
-2.20795
4.15372
4.62807
-4.13676
-2.69551
2.47763
4.84373
-2.13915
-4.63322
2.76376
3.16608
1.05989
-4.47742
-2.31028
0.875739
-0.585576
0.869844
2.20364
-4.37386
-0.721794
2.97431
-0.690359
-2.20414
-3.8009
-1.29618
-2.25306
0.475801
-0.213802
-0.0919285
-4.84013
-3.5807
0.78771
-4.32738
3.01025
-1.86086
0.750305
-2.22646
2.35766
0.41028
-2.34426
3.29775
0.65505
-0.365
1.2849
-0.0677533
-4.93026
-0.952097
2.12574
7.05387
-0.331024
2.06956
-2.06656
0.928906
1.15567
2.24752
-0.234253
2.68353
-1.81829
3.85244
3.42236
-1.03089
-5.62906
0.770056
-4.06553
-0.725242
1.5136
1.84211e-05
-0.611335
1.62995
-0.63382
1.61125
0.43689
-2.15666
-0.686511
6.52942
-0.966843
-0.639265
4.61178
6.04144
-2.3327
-1.59499
-0.969562
0.732662
-1.67731
3.09913
3.21562
0.517869
0.112175
2.04187
-2.53118
-2.40832
2.9017
-2.58504
-0.129852
0.993055
2.77102
3.68266
4.29263
-1.18906
-3.49621
0.0155641
0.527069
0.863986
-1.89153
0.560902
-2.83802
-3.12481
2.74112
-2.84482
-3.47943
-0.587832
3.8415
-0.364326
-0.831687
1.37469
0.520116
-5.28204
-3.26176
1.55684
-4.33997
-4.82094
-1.8833
1.49935
-4.67268
1.0835
2.46085
-2.0826
0.327384
0.0772582
2.75045
-1.03539
1.80395
-6.22845
3.0088
3.78469
-1.04647
5.13491
4.22309
5.57346
5.29027
-7.36388
0.249048
0.916044
1.6632
0.504738
-3.5355
-2.75848
1.71102
-0.94324
-0.897471
1.32529
-1.59946
0.298285
-1.95771
1.72855
0.383466
4.26859
-4.99337
0.265694
1.21814
-4.06113
4.54359
3.37435
-4.77311
-4.01223
0.338253
3.40786
-4.69652
-1.78222
5.14017
0.207267
-3.97512
-2.71521
-2.05009
0.387263
-1.69596
4.20384
4.55049
-2.42498
2.40933
3.28699
2.18689
1.3957
-2.13559
0.417197
-3.81061
0.897117
-4.98609
-2.79098
4.38436
1.36759
2.26891
2.90715
2.7353
0.290999
-2.05965
-6.37717
0.602722
-0.920083
-1.41009
-0.356716
-0.577428
-4.69314
-0.123893
-2.32103
1.84521
3.29489
-4.87304
9.01121
-0.465579
-1.34626
1.94287
3.88682
1.6296
-3.01903
-4.11359
-3.7402
-3.93054
-0.706881
4.1418
-0.0830284
-0.811511
1.99326
-3.55346
-5.63647
2.90422
-1.49606
-4.78471
1.31281
2.32678
2.32175
4.43624
1.6737
0.652889
-1.90983
-2.94813
-1.31447
-6.8478
-2.05891
1.98834
-3.63897
5.20845
-2.51339
5.94213
-2.06863
0.0127199
4.89921
-4.6019
5.81344
-3.69727
2.17555
-8.28932
2.18528
4.40224
-5.3843
-0.605662
-0.803859
-3.35217
4.95369
4.33665
-0.336728
-4.32805
0.323457
-2.31949
0.789066
-0.470906
0.316362
6.50029
-3.5869
-0.54573
0.333528
-1.11533
1.11724
4.87159
1.30601
-3.28423
-1.7274
-0.258481
1.58234
-0.0917776
-2.43227
5.7198
-1.05653
2.89275
2.66175
-1.8139
0.426323
1.99845
4.72788
-5.36486
-2.64408
-3.21934
-0.405849
-1.62279
4.24028
5.72888
-0.983529
3.92224
-0.369656
1.19629
0.107034
-1.0002
0.88974
4.23178
-3.95334
-1.76482
1.01236
1.80908
-4.85611
-7.68339
-0.748853
0.248448
1.54273
-2.02727
2.74315
2.96866
3.63239
0.00702631
-4.17842
-4.16666
-2.81484
-3.98619
0.999725
0.868131
-1.59576
3.47593
2.00562
-0.766669
-0.699553
0.910791
-3.72367
3.10695
3.14814
-1.36971
4.53442
-0.302959
0.659095
-0.418193
-1.35687
1.22543
-2.56869
4.41692
3.7124
-1.1057
1.53747
1.07576
2.73437
-2.42075
7.73112
-3.05839
1.25926
-0.0417521
-3.26983
-0.189455
-3.021
1.04125
-2.79635
-5.08482
-0.47414
-3.13548
1.13532
-0.608153
-4.585
-1.0532
-0.238923
-4.89276
0.555135
1.73445
-1.58917
4.19184
1.12389
-0.542973
2.98698
4.34863
4.5275
1.61911
1.12897
-0.937171
-3.64415
6.97191
-0.975687
1.42933
0.271243
-0.661751
1.15383
-5.24096
1.55236
-3.20309
1.49213
-1.033
0.302718
2.81844
1.74278
-2.82939
0.59732
-4.43339
0.686867
-0.0146036
-0.753264
2.89919
4.21731
6.53552
-1.10436
-2.9856
-4.27302
3.0218
0.0765379
-3.4166
-1.41262
1.20701
-0.602776
-2.46043
7.39202
1.60626
1.09278
-7.26973
-1.09278
-0.881308
2.87926
1.94123
-2.95206
-1.7696
0.812016
-2.95368
-0.494899
-5.69392
-1.31814
2.34307
-5.58282
-1.19388
2.47047
1.11117
2.06683
2.22071
1.46731
-0.216293
4.09168
6.05445
-3.69471
-1.65138
1.88814
-2.33906
1.37333
-2.90395
-3.24062
3.83888
7.23685
1.63944
-2.7394
1.5926
3.18986
-2.8505
0.713319
0.530758
4.90709
-1.82159
0.721314
-5.94083
-2.25075
-6.24595
6.79137
-0.253886
2.12532
0.10676
-3.44251
-1.48504
-2.40152
0.981152
0.952305
0.772936
-2.02712
1.95175
-0.711318
-0.610821
-2.72361
3.42788
-0.611173
2.43321
-4.35008
0.394709
0.753138
-0.228721
0.738749
1.40443
2.23026
0.3568
0.507397
0.0739849
0.154871
1.69569
-0.450288
-1.35647
-0.685732
-3.54771
1.66316
-1.68296
5.01603
-1.20446
-2.51653
-0.177389
1.08907
0.477042
4.61183
-0.895656
9.03561
2.02442
-1.63765
-0.413694
8.86374
-2.42476
3.63905
-1.59297
0.973348
-1.7511
0.229773
-5.32945
0.706928
-0.373876
-1.56956
-1.7221
-2.55429
0.413996
-1.26622
-0.369662
-0.334537
2.68947
-0.213139
1.67578
1.63338
2.25432
-0.0917486
3.55873
-5.1397
1.48064
3.01659
4.8974
-0.389466
5.78768
-2.51864
-0.0636689
-2.69921
-3.59059
-0.250888
-0.977957
-0.464894
-0.861926
-4.83825
1.06995
0.889508
1.97238
-2.27908
1.79533
2.33668
2.08303
5.26997
-1.15095
-2.92097
-0.246589
-0.660288
-3.96739
-0.116129
3.24929
-5.20238
-0.227437
1.69148
-3.92228
-0.634484
-0.426163
-1.02099
-3.88099
0.431413
4.87135
2.26773
-1.31717
0.805043
-2.15631
-0.419839
-1.4804
-0.959622
-1.37262
0.822467
-4.24651
-1.46574
-1.03707
3.11058
0.0789734
4.0609
2.81634
-0.00177729
2.46055
5.46976
-1.04222
1.23578
2.32355
-4.72892
-4.98058
-0.708363
-1.63076
-1.634
-5.77892
3.57413
-5.22581
0.446737
-8.05
-0.26281
-2.0059
5.20093
0.819361
-3.62069
2.85679
-3.82728
1.49727
-5.49786
3.12772
-1.80434
-0.296766
2.77996
4.84258
-3.04951
0.870657
-5.18878
-3.95094
-6.38009
-4.9903
0.0219341
-3.10103
-1.93679
4.03337
0.862554
-0.81386
2.99777
1.43608
0.348043
-4.5827
-1.02113
-2.71532
-2.37649
-3.27778
-4.20588
4.66873
1.38484
0.192382
4.91243
-3.88862
-0.894321
4.06913
-1.94368
-1.75255
-0.031643
2.12142
-0.746581
-2.21604
1.38472
-1.27459
0.939273
-1.32207
1.88775
1.70319
4.62289
2.54635
3.7838
1.50426
-1.35153
4.04798
-0.138272
-0.670741
-1.85452
0.74843
-1.8683
2.12387
0.284376
1.58837
-3.13286
-0.940068
-5.90496
2.56286
-2.99714
-4.73535
-0.628414
-1.29315
-2.87811
1.60648
5.78353
-0.849759
0.764165
0.654823
-6.19923
-1.35318
1.81262
-1.64142
-3.14927
-2.76633
-0.255469
1.29775
0.818898
4.7303
1.38577
4.32823
-0.0318894
-4.54803
-2.14221
0.910303
-1.18102
-3.93589
-10.0533
-1.44068
0.780549
-0.556227
1.86442
-4.3344
-6.60462
3.82486
1.63873
1.41627
0.563219
3.55789
-1.64335
2.02195
-1.52594
1.06848
-1.37916
0.293808
0.590282
-2.1604
4.01988
-1.0619
0.411608
1.75414
-3.79617
-5.88139
-0.833708
-0.956426
3.92421
1.58942
-2.90017
-1.7174
-2.90849
4.69792
-1.59722
-3.72959
1.45373
-0.867042
-3.79119
0.522583
0.886637
4.13079
3.48016
1.61471
7.94963
-2.7768
-0.901853
2.78215
1.11758
-1.67662
1.1964
-2.45017
0.593533
0.122227
0.25104
-1.47651
-2.60368
-2.22616
0.0222906
3.15818
-4.04066
1.58901
-1.50205
-1.76843
2.37781
1.31144
4.68797
-3.58041
-1.00508
4.61348
0.933404
-2.22417
0.678794
4.54323
2.52143
0.710788
-4.53271
-2.74152
2.89653
-0.836979
4.29551
-4.54486
3.79338
-0.258987
-0.291903
-0.39546
-2.97821
-6.2127
-2.51798
5.07558
-0.755829
4.09996
-0.362652
2.73842
-3.89204
-5.88231
-0.646783
-4.5489
-1.65275
2.59221
-1.25352
0.856058
-3.55685
-2.45623
4.12702
6.40142
-5.02825
-3.50423
-1.80708
3.89459
2.34447
-3.04169
-1.33358
-1.62013
-0.166665
2.7929
-1.4816
-4.65839
-0.259642
0.122926
-4.77446
4.44871
5.10766
-8.15381
-6.13193
-5.16732
-1.42671
4.6185
-1.82522
-2.3363
-1.60926
-0.226447
-5.30778
4.62649
0.316485
-2.62305
1.3756
-3.73777
-1.04138
-0.222637
0.194926
-0.762593
-4.27373
-2.32052
-0.509894
-1.98993
1.78512
3.52129
2.59981
1.74315
1.58538
3.61563
-1.28765
6.81561
-2.56538
-2.20801
2.23622
5.08697
-3.67877
2.15315
-0.164901
-3.60663
1.91475
0.875945
0.815276
2.47709
6.04307
-2.85961
0.164547
0.5665
0.681323
3.83232
1.86031
6.33378
-3.93415
3.41883
-3.21413
3.1449
1.8204
0.14863
1.21227
-2.52005
3.10388
-1.20562
-0.0387949
0.493035
-0.439082
3.52053
1.40542
0.24721
-0.998014
0.637311
1.30838
0.548149
-0.301404
3.8648
-7.99139
2.90245
-0.614563
6.20007
2.79498
1.69406
0.268587
5.22853
1.1228
0.537919
6.41135
-0.177347
-2.50014
5.61309
0.665259
0.406951
-6.60877
-5.03945
3.11252
-5.01883
-1.4625
2.82958
2.04666
-5.28498
0.33404
0.308304
2.20708
0.270897
3.00214
-2.05965
-5.92333
-3.31833
-3.09787
-0.972347
-1.66245
-0.415483
2.16825
-2.06055
0.622419
3.56253
-0.167925
-3.36813
2.88611
1.99167
-3.08679
0.120813
-1.28923
1.55542
1.48446
4.19718
-4.06787
1.72063
1.52401
-2.58159
-0.708035
-0.105081
-3.82902
-3.22422
-3.13002
-2.79554
-3.42652
-0.773095
1.41756
0.895508
-2.60048
-2.42795
-0.308768
-3.8409
12.0031
3.37431
4.53199
-0.924433
1.19054
-7.2726
0.496803
6.19388
-3.95113
2.00981
1.17816
-4.734
0.159283
0.55698
-0.430334
1.71397
3.88524
0.638526
-5.79247
3.04434
3.97317
-0.491974
7.01177
4.62907
0.605927
-2.52537
3.13406
0.983791
2.61681
-1.57826
0.148596
-2.72822
-2.1658
0.879754
0.971686
-5.00126
-2.3439
-5.31592
3.9115
2.31
-2.15115
-3.7129
-2.71229
-0.597675
1.4483
4.33829
-1.21968
-1.2817
-0.0721095
-5.53586
-2.35065
-3.25578
1.73295
-1.69611
0.30212
1.29818
0.488179
1.78771
0.570912
1.50852
0.582187
0.886677
-5.23699
2.97911
-0.438909
-2.97686
-4.15818
-1.49464
1.95635
0.5088
-2.66045
5.04699
0.936024
1.33429
1.5273
-1.41412
-3.82267
2.15223
1.10199
-0.499295
0.854057
-5.70394
1.46811
-1.58303
-0.861014
2.31062
1.78026
3.10736
0.472157
0.0328819
1.61637
3.15993
3.02208
-3.00376
-6.77186
-2.14045
-5.65487
-0.8861
0.557284
-5.77496
-0.82275
1.64681
-4.28513
-3.26199
3.11963
2.10943
-1.0333
-3.69272
4.43141
-4.49137
1.12691
-0.398703
-0.268185
-2.19988
1.26184
3.1364
-1.27942
-0.999003
-1.34661
-6.24869
-1.31088
-0.0284798
-2.69056
5.02437
-2.07677
1.55552
-1.14039
1.07627
-0.486285
-0.0856112
-3.62409
-3.93756
0.343039
-0.373685
-3.0537
1.3665
5.74402
3.24828
1.96002
1.0025
-4.36085
4.1226
2.40583
0.665274
-3.29002
2.68884
-2.11427
-2.93813
-0.180629
-5.59029
-7.1482
5.20216
5.7182
3.74797
3.30707
4.18096
0.801256
2.15535
2.1431
-5.2156
-1.51087
0.58334
-3.46189
-2.52542
0.870425
-7.06341
-4.16802
3.94496
3.12736
-0.257783
0.0875689
-1.72806
-3.60059
0.634922
-1.37548
-3.26914
0.159133
-1.81169
-1.81642
1.83494
1.38732
2.10644
-6.01593
2.10861
5.15123
-3.74211
3.27835
-0.465465
4.87251
-1.02104
0.380552
-7.97265
-4.58543
-2.11044
2.51029
0.521802
0.826044
-2.86365
0.768421
5.38315
-4.21205
-3.4956
-1.92087
-2.33193
-3.11319
1.44054
3.43345
-0.119318
3.98431
0.963279
-4.01266
0.317019
-1.41025
1.81617
0.0495658
-2.42096
4.7635
5.41686
-0.652837
-4.64589
-0.131772
4.24739
5.19594
-6.54663
-1.61493
0.406554
-5.13247
-3.3164
0.702797
-2.85462
-1.56755
-1.69181
-0.341492
1.43862
-3.4149
-1.61902
3.30802
0.0152377
0.872287
1.61228
0.450814
-1.64507
3.83315
-7.42716
0.944333
1.52364
4.00492
2.29294
-1.55829
-0.085099
0.146045
2.61017
-1.28953
-1.00979
1.25381
-2.04802
-0.283917
0.492603
-5.65572
-4.04797
5.67127
2.3587
0.502154
2.65529
2.25581
-0.894491
-3.04359
2.64218
2.23679
-0.985947
3.24006
0.965944
-1.25803
0.658967
1.93778
-2.24525
-3.62452
2.69249
2.33037
-0.304168
2.98841
-1.53784
-0.237693
-0.0219339
1.44978
2.99779
-3.21672
-4.02735
-1.71486
-4.29165
-1.44158
-2.7213
-5.59502
0.0940811
-3.91658
0.976367
3.33933
-5.31796
-0.0574034
1.53714
1.18625
-7.44679
2.58911
6.21517
-1.8914
0.0582184
1.11296
-4.81315
5.01364
3.4342
-4.93957
0.551251
-1.25606
-2.09672
0.318951
-0.411218
2.68241
-1.96749
0.482118
6.9363
-0.108255
0.154533
-2.10307
-3.43369
3.8678
1.05897
-2.01756
-2.34742
-5.2818
-2.09058
-2.04827
-0.819076
4.68643
2.50427
-2.37247
-3.97496
2.7888
-0.24548
-0.158284
-3.40227
0.856201
-3.92855
-1.21674
6.11572
4.87829
-2.91833
-1.78241
1.37404
1.87692
2.48092
-6.92326
-2.11086
3.76702
-2.49174
-5.39201
0.308532
1.00852
0.40872
1.92896
-0.305487
2.10047
0.67308
-1.31957
-0.055414
0.141335
-1.95844
-0.258221
-2.05072
-6.06315
-1.16618
0.114264
-2.19642
4.37861
-6.41248
-5.16733
4.57961
2.21691
-1.16562
-2.55036
2.10833
4.00724
0.168334
5.08354
-0.401121
1.23381
0.540923
0.199835
-3.69388
3.48438
-0.608482
2.18191
-0.917607
0.415056
0.812232
-5.09489
0.771339
-5.03514
1.87809
-2.36011
1.61007
-1.94342
-3.8326
2.31009
1.47152
0.0386277
0.225897
2.23684
-1.37714
-3.51967
-1.5894
-4.4889
1.05217
-0.209215
-0.462261
-5.21453
-2.17648
-3.44512
0.465016
-2.03222
-0.740163
1.13953
1.79643
3.01565
-5.76907
4.20021
8.99115
0.517707
4.52082
5.18002
0.491512
-4.34888
1.50948
-5.84702
0.352566
-0.299726
1.70588
0.240712
-3.24236
0.0734573
-5.9815
0.38821
1.77782
0.780334
6.29897
4.85739
0.38331
-6.77407
-1.69966
2.88911
